-75 -1 8050
-68 -1 8866
-62 -1 9954
-60 -1 6343
-59 -1 7704
-52 -1 6202
-51 -1 5545
-44 -1 4652
-43 -1 6861
-41 -1 7969
-40 -1 4919
-38 -1 5050
-75 -2 8424
-37 -1 5766
-36 -1 6164
-34 -1 5484
-31 -1 4625
-28 -1 2887
-27 -1 2938
-53 -2 8730
-26 -1 2670
-25 -1 4843
-49 -2 6604
-24 -1 4745
-47 -2 6944
-89 -4 9562
-22 -1 4299
-85 -4 9087
-21 -1 2976
-20 -1 3516
-58 -3 9231
-19 -1 2338
-37 -2 4470
-36 -2 4661
-35 -2 3516
-52 -3 6608
-34 -2 3903
-50 -3 8334
-33 -2 6476
-49 -3 6325
-81 -5 8598
-16 -1 2575
-31 -2 6133
-46 -3 5116
-15 -1 1989
-74 -5 8261
-59 -4 8431
-44 -3 8525
-57 -4 9784
-85 -6 8658
-14 -1 1511
-27 -2 3167
-40 -3 5884
-13 -1 1905
-51 -4 6960
-25 -2 4217
-62 -5 7848
-37 -3 6234
-49 -4 7817
-12 -1 1729
-83 -7 8484
-58 -5 6043
-23 -2 4324
-57 -5 7103
-34 -3 5616
-45 -4 7785
-11 -1 1451
-32 -3 6408
-74 -7 9035
-21 -2 3440
-81 -8 9316
-10 -1 1321
-59 -6 7733
-49 -5 9439
-39 -4 6222
-29 -3 3507
-48 -5 6942
-19 -2 3778
-28 -3 3564
-46 -5 5306
-73 -8 8400
-9 -1 1499
-53 -6 7166
-26 -3 5231
-43 -5 6789
-17 -2 3404
-42 -5 6482
-25 -3 3277
-33 -4 4037
-73 -9 8488
-8 -1 1057
-31 -4 3704
-54 -7 6828
-61 -8 7665
-38 -5 5234
-53 -7 8787
-15 -2 2932
-37 -5 6435
-81 -11 9813
-44 -6 8979
-36 -5 5262
-43 -6 4746
-50 -7 6343
-57 -8 6943
-7 -1 1201
-34 -5 3483
-27 -4 2856
-74 -11 9097
-47 -7 5874
-40 -6 6731
-46 -7 8833
-13 -2 2616
-84 -13 9320
-45 -7 7656
-32 -5 4730
-51 -8 5498
-19 -3 2574
-25 -4 3962
-6 -1 1046
-77 -13 9580
-53 -9 9852
-47 -8 8030
-35 -6 6078
-64 -11 9098
-29 -5 5761
-52 -9 9894
-46 -8 9285
-17 -3 2225
-45 -8 7300
-28 -5 5772
-39 -7 6214
-11 -2 1838
-60 -11 6450
-38 -7 4367
-16 -3 1671
-53 -10 8508
-37 -7 6171
-73 -14 7917
-83 -16 9171
-31 -6 6033
-36 -7 4080
-51 -10 8577
-56 -11 7040
-71 -14 7890
-76 -15 7901
-5 -1 562
-49 -10 7510
-44 -9 7789
-39 -8 4673
-29 -6 3584
-24 -5 3170
-19 -4 3932
-52 -11 9455
-33 -7 4006
-47 -10 6358
-14 -3 1535
-51 -11 9692
-74 -16 8761
-23 -5 3420
-55 -12 9974
-32 -7 5600
-82 -18 9847
-9 -2 1058
-40 -9 5220
-31 -7 5298
-22 -5 4177
-74 -17 8600
-13 -3 1435
-43 -10 5693
-17 -4 1914
-38 -9 4275
-21 -5 2314
-25 -6 4503
-54 -13 5916
-33 -8 3944
-45 -11 5059
-53 -13 6831
-4 -1 640
-43 -11 5619
-74 -19 9964
-27 -7 3096
-42 -11 6380
-19 -5 2497
-34 -9 6676
-49 -13 8182
-15 -4 2079
-56 -15 9822
-37 -10 7091
-48 -13 6332
-11 -3 1506
-62 -17 7833
-69 -19 7502
-18 -5 2969
-43 -12 7436
-32 -9 3433
-39 -11 7122
-46 -13 5072
-60 -17 9148
-7 -2 1015
-45 -13 5829
-38 -11 4282
-31 -9 5039
-55 -16 9344
-48 -14 6465
-58 -17 8553
-17 -5 2552
-27 -8 4940
-47 -14 9730
-10 -3 1397
-63 -19 7176
-23 -7 3634
-13 -4 1537
-84 -26 9629
-29 -9 3250
-16 -5 1965
-35 -11 3731
-19 -6 3304
-41 -13 4862
-22 -7 3661
-25 -8 3269
-28 -9 3502
-31 -10 4207
-34 -11 6530
-40 -13 5241
-3 -1 396
-59 -20 7031
-53 -18 6081
-47 -16 9976
-38 -13 6168
-35 -12 5096
-32 -11 5192
-29 -10 5458
-26 -9 4363
-23 -8 3092
-89 -31 9915
-20 -7 2216
-37 -13 5953
-54 -19 7318
-17 -6 3311
-45 -16 5213
-14 -5 2582
-25 -9 4789
-61 -22 6601
-11 -4 1217
-71 -26 9871
-30 -11 5706
-19 -7 4051
-65 -24 7641
-62 -23 8292
-8 -3 1218
-45 -17 9238
-58 -22 8055
-21 -8 2412
-34 -13 3724
-13 -5 1623
-44 -17 8202
-18 -7 2918
-64 -25 8323
-28 -11 5263
-33 -13 3931
-86 -34 9635
-5 -2 721
-67 -27 9798
-52 -21 6131
-47 -19 8536
-42 -17 7414
-37 -15 7805
-69 -28 7744
-32 -13 4974
-59 -24 7535
-27 -11 3954
-22 -9 4052
-17 -7 2072
-46 -19 6940
-58 -24 9801
-70 -29 8501
-12 -5 2038
-31 -13 4029
-50 -21 7056
-71 -30 8378
-26 -11 4232
-33 -14 6675
-80 -34 9171
-47 -20 5573
-54 -23 9719
-7 -3 1278
-37 -16 4150
-67 -29 7535
-30 -13 3958
-23 -10 2970
-39 -17 6461
-16 -7 3027
-25 -11 3205
-34 -15 5129
-9 -4 1242
-47 -21 7515
-20 -9 2675
-11 -5 1896
-68 -31 9105
-59 -27 7043
-37 -17 4715
-50 -23 9118
-13 -6 2319
-67 -31 8752
-28 -13 5276
-15 -7 2013
-32 -15 6414
-17 -8 2559
-19 -9 4245
-78 -37 9185
-40 -19 6322
-61 -29 7393
-21 -10 2748
-23 -11 2895
-25 -12 4746
-52 -25 9089
-27 -13 5030
-29 -14 3743
-31 -15 4691
-33 -16 6066
-35 -17 6231
-37 -18 7046
-39 -19 5498
-41 -20 7576
-47 -23 6320
-53 -26 9423
-65 -32 8278
-67 -33 9910
-2 -1 412
-49 -25 5632
-45 -23 7853
-37 -19 8196
-35 -18 5062
-33 -17 3875
-31 -16 6572
-27 -14 4191
-25 -13 3917
-48 -25 6718
-23 -12 3495
-21 -11 2483
-40 -21 4674
-32 -17 5782
-47 -25 6300
-62 -33 7986
-15 -8 1914
-58 -31 8610
-43 -23 5813
-28 -15 3971
-41 -22 5576
-13 -7 1705
-35 -19 4287
-11 -6 1913
-42 -23 9215
-31 -17 3660
-71 -39 9833
-69 -38 7991
-29 -16 6660
-38 -21 7067
-9 -5 1918
-50 -28 8261
-16 -9 2059
-23 -13 2705
-37 -21 6060
-44 -25 7968
-7 -4 1068
-40 -23 9034
-33 -19 5199
-19 -11 3857
-50 -29 8217
-31 -18 5747
-12 -7 2536
-41 -24 5436
-46 -27 6487
-63 -37 7876
-17 -10 2408
-32 -19 5964
-42 -25 4932
-5 -3 718
-53 -32 7463
-28 -17 6535
-69 -42 9784
-18 -11 3468
-31 -19 5740
-44 -27 6001
-13 -8 2370
-34 -21 5454
-21 -13 3243
-50 -31 7177
-29 -18 3492
-37 -23 5489
-45 -28 8563
-53 -33 9321
-8 -5 1050
-59 -37 8968
-43 -27 5785
-35 -22 5148
-27 -17 5101
-46 -29 6797
-19 -12 3241
-68 -43 8346
-41 -26 6556
-33 -21 4330
-36 -23 8371
-25 -16 4240
-39 -25 8994
-14 -9 2380
-48 -31 7558
-17 -11 2498
-54 -35 7223
-77 -50 9957
-20 -13 4487
-52 -34 6295
-29 -19 6258
-35 -23 4384
-38 -25 6361
-41 -27 8355
-53 -35 9468
-59 -39 8451
-3 -2 500
-49 -33 6594
-40 -27 8692
-34 -23 6188
-28 -19 6371
-41 -28 8883
-19 -13 2902
-54 -37 9194
-35 -24 4745
-16 -11 2436
-13 -9 2183
-75 -52 9406
-62 -43 8893
-72 -50 9417
-23 -16 4901
-33 -23 4450
-53 -37 7011
-10 -7 1542
-67 -47 9491
-74 -52 9819
-27 -19 3779
-44 -31 7611
-51 -36 6430
-24 -17 4610
-55 -39 7360
-31 -22 4383
-7 -5 1490
-79 -57 9899
-36 -26 8495
-51 -37 7771
-11 -8 1858
-15 -11 2542
-34 -25 7925
-19 -14 3683
-23 -17 4940
-27 -20 5294
-35 -26 5196
-39 -29 5635
-43 -32 8935
-4 -3 663
-45 -34 8770
-37 -28 8801
-29 -22 4508
-25 -19 4787
-46 -35 8815
-21 -16 3076
-59 -45 8414
-38 -29 9096
-17 -13 4433
-30 -23 7355
-13 -10 2652
-35 -27 6585
-22 -17 4079
-9 -7 1866
-55 -43 8809
-23 -18 2981
-37 -29 6326
-14 -11 2414
-19 -15 3030
-24 -19 4781
-34 -27 7745
-39 -31 6409
-5 -4 1080
-46 -37 8008
-26 -21 4061
-47 -38 9251
-16 -13 2986
-49 -40 9424
-11 -9 2495
-39 -32 9559
-45 -37 6663
-17 -14 2872
-52 -43 8912
-35 -29 7396
-6 -5 1021
-43 -36 7647
-37 -31 8684
-31 -26 4592
-25 -21 5783
-32 -27 7474
-13 -11 2558
-59 -50 8796
-33 -28 4740
-20 -17 4030
-27 -23 4571
-7 -6 1552
-36 -31 8428
-29 -25 4574
-22 -19 4113
-37 -32 8110
-38 -33 7876
-31 -27 6149
-8 -7 1608
-33 -29 8443
-42 -37 5925
-17 -15 3252
-35 -31 5955
-9 -8 2384
-37 -33 8158
-19 -17 3467
-49 -44 9857
-10 -9 1813
-11 -10 2393
-56 -51 9620
-23 -21 3394
-35 -32 7882
-12 -11 1733
-25 -23 4098
-39 -36 5782
-66 -61 9155
-14 -13 3641
-29 -27 4548
-15 -14 3612
-16 -15 2419
-33 -31 5729
-17 -16 4304
-35 -33 6355
-53 -50 8399
-18 -17 2534
-56 -53 9659
-20 -19 4785
-21 -20 4123
-44 -42 9609
-23 -22 4327
-24 -23 4823
-25 -24 4778
-27 -26 6352
-29 -28 4082
-31 -30 4605
-32 -31 6490
-35 -34 9170
-37 -36 5591
-40 -39 6586
-42 -41 7670
-44 -43 7724
-46 -45 8988
-48 -47 8532
-69 -68 9836
-1 -1 203
-55 -56 9493
-53 -54 9812
-45 -46 6831
-40 -41 8759
-37 -38 6856
-32 -33 5845
-31 -32 5423
-30 -31 7865
-29 -30 7842
-28 -29 4937
-27 -28 6979
-26 -27 4954
-23 -24 5211
-18 -19 2925
-35 -37 6277
-17 -18 3325
-33 -35 8830
-46 -49 7592
-61 -65 8986
-15 -16 2326
-14 -15 3811
-27 -29 6127
-13 -14 3645
-12 -13 2382
-35 -38 9554
-23 -25 6542
-11 -12 2348
-21 -23 4263
-31 -34 6229
-41 -45 6552
-51 -56 8388
-20 -22 3617
-29 -32 6072
-19 -21 5658
-47 -52 9584
-55 -61 8297
-9 -10 1588
-44 -49 8286
-17 -19 4400
-25 -28 4104
-8 -9 1620
-39 -44 9191
-31 -35 8053
-23 -26 4262
-53 -60 8554
-15 -17 3157
-37 -42 9173
-22 -25 6797
-29 -33 6648
-43 -49 9096
-7 -8 1449
-34 -39 9577
-27 -31 6410
-20 -23 3465
-13 -15 2466
-19 -22 4970
-25 -29 7730
-31 -36 8744
-6 -7 1333
-41 -48 9291
-17 -20 3902
-39 -46 9549
-11 -13 3345
-38 -45 6215
-27 -32 5764
-16 -19 4007
-21 -25 4436
-41 -49 8385
-5 -6 928
-34 -41 7081
-24 -29 5721
-43 -52 8879
-19 -23 3373
-28 -34 4731
-9 -11 1982
-31 -38 9094
-53 -65 9585
-22 -27 3749
-13 -16 3105
-30 -37 8440
-17 -21 3774
-25 -31 4611
-37 -46 7917
-4 -5 1085
-35 -44 9852
-27 -34 8393
-41 -52 9714
-26 -33 6769
-59 -75 9620
-11 -14 2151
-29 -37 9531
-25 -32 7144
-7 -9 1354
-38 -49 9514
-24 -31 7421
-17 -22 4297
-37 -48 7601
-10 -13 1934
-33 -43 8549
-23 -30 4936
-13 -17 2721
-29 -38 6749
-16 -21 4526
-25 -33 7940
-31 -41 9247
-46 -61 9446
-3 -4 659
-32 -43 6106
-29 -39 5948
-20 -27 4958
-17 -23 5530
-48 -65 8690
-14 -19 4339
-50 -68 8959
-11 -15 3127
-30 -41 9162
-46 -63 9843
-8 -11 2394
-45 -62 8989
-21 -29 5697
-47 -65 8370
-13 -18 3770
-18 -25 5422
-23 -32 6855
-28 -39 5608
-38 -53 9025
-5 -7 1268
-32 -45 7057
-27 -38 7278
-22 -31 5253
-17 -24 3033
-12 -17 3324
-19 -27 6194
-45 -64 9215
-21 -30 4469
-30 -43 8219
-16 -23 3122
-25 -36 6133
-9 -13 2948
-38 -55 9214
-29 -42 8805
-20 -29 6116
-11 -16 2836
-24 -35 6693
-13 -19 3789
-28 -41 5996
-30 -44 9833
-17 -25 6127
-19 -28 6012
-21 -31 6260
-23 -34 4333
-43 -64 7741
-2 -3 447
-25 -38 9097
-21 -32 7858
-17 -26 5621
-15 -23 3282
-24 -37 7249
-11 -17 2355
-20 -31 5906
-49 -76 9382
-9 -14 1983
-16 -25 3086
-23 -36 6240
-30 -47 7154
-7 -11 2603
-26 -41 7804
-19 -30 4511
-12 -19 3941
-29 -46 5655
-5 -8 1066
-38 -61 8975
-28 -45 8612
-13 -21 2926
-21 -34 4083
-8 -13 2159
-19 -31 4114
-41 -67 7954
-11 -18 3306
-25 -41 6695
-31 -51 9780
-20 -33 6854
-26 -43 8182
-29 -48 9050
-3 -5 710
-25 -42 8009
-19 -32 5247
-16 -27 4793
-29 -49 8642
-13 -22 3001
-10 -17 3718
-37 -63 9370
-31 -53 9581
-7 -12 2819
-11 -19 4114
-37 -64 8227
-34 -59 7726
-19 -33 4701
-35 -61 9667
-43 -75 9223
-4 -7 950
-29 -51 9895
-25 -44 6942
-13 -23 5485
-22 -39 8561
-9 -16 2945
-37 -66 9316
-14 -25 5203
-5 -9 1752
-26 -47 7112
-21 -38 6154
-16 -29 4372
-11 -20 3606
-28 -51 6817
-17 -31 6575
-6 -11 1942
-25 -46 9311
-13 -24 4679
-20 -37 6374
-27 -50 7194
-7 -13 2133
-29 -54 8311
-15 -28 3948
-38 -71 8883
-41 -77 9701
-33 -62 9098
-17 -32 5219
-9 -17 3744
-37 -70 9318
-11 -21 3502
-36 -69 9452
-25 -48 6207
-27 -52 9189
-15 -29 6331
-16 -31 4010
-18 -35 7965
-19 -37 8257
-22 -43 5813
-24 -47 9876
-25 -49 7844
-1 -2 394
-28 -57 7940
-22 -45 8084
-21 -43 6515
-19 -39 4763
-18 -37 4359
-33 -68 8057
-16 -33 4226
-15 -31 4321
-14 -29 4954
-13 -27 4611
-34 -71 9988
-11 -23 2774
-21 -44 8304
-10 -21 2595
-28 -59 7346
-9 -19 2991
-17 -36 5895
-33 -70 9040
-8 -17 3423
-23 -49 8806
-15 -32 5017
-22 -47 8960
-29 -62 9216
-7 -15 3051
-27 -58 6756
-13 -28 4998
-25 -54 6165
-6 -13 1937
-16 -35 4255
-37 -81 9454
-26 -57 6874
-5 -11 2361
-24 -53 6757
-19 -42 6926
-14 -31 3675
-9 -20 2689
-22 -49 8349
-13 -29 5412
-17 -38 5329
-21 -47 6436
-29 -65 8093
-4 -9 1224
-23 -52 6394
-15 -34 6402
-26 -59 7678
-25 -57 7267
-7 -16 3434
-31 -71 9197
-17 -39 7554
-10 -23 2960
-33 -76 9850
-13 -30 3985
-22 -51 6682
-3 -7 999
-23 -54 7700
-17 -40 5201
-14 -33 5286
-25 -59 7198
-11 -26 3029
-8 -19 3185
-22 -53 9756
-17 -41 5888
-19 -46 8250
-7 -17 2154
-9 -22 3616
-31 -76 9724
-11 -27 5459
-13 -32 5832
-15 -37 4739
-2 -5 762
-25 -63 8650
-21 -53 6475
-17 -43 7437
-15 -38 4626
-13 -33 6293
-11 -28 5218
-9 -23 4579
-16 -41 5480
-23 -59 9845
-7 -18 2085
-17 -44 8124
-5 -13 2484
-13 -34 5843
-8 -21 3215
-19 -50 7373
-3 -8 926
-16 -43 7405
-13 -35 6505
-10 -27 3450
-17 -46 7679
-24 -65 8816
-7 -19 2280
-15 -41 5509
-19 -52 8892
-4 -11 1694
-13 -36 4060
-23 -64 9361
-5 -14 2892
-11 -31 4767
-6 -17 2864
-13 -37 6420
-20 -57 8673
-22 -63 9556
-15 -43 7400
-17 -49 9397
-19 -55 8346
-10 -29 5228
-13 -38 5223
-15 -44 4877
-16 -47 6437
-17 -50 6798
-18 -53 5759
-24 -71 7635
-1 -3 470
-27 -82 9643
-22 -67 9356
-17 -52 9849
-16 -49 6906
-15 -46 8516
-14 -43 8172
-12 -37 6155
-10 -31 3768
-9 -28 5432
-8 -25 3436
-15 -47 7294
-7 -22 2411
-6 -19 2199
-22 -70 9019
-5 -16 2641
-23 -74 8478
-4 -13 1675
-11 -36 7003
-10 -33 4876
-3 -10 1831
-11 -37 4419
-5 -17 3377
-17 -58 9715
-19 -65 9434
-7 -24 2778
-16 -55 7592
-17 -59 6833
-2 -7 1114
-5 -18 2046
-13 -47 7333
-3 -11 1245
-13 -48 5423
-10 -37 4941
-7 -26 3262
-11 -41 4801
-4 -15 2543
-13 -49 6863
-9 -34 4143
-5 -19 3279
-23 -88 9297
-6 -23 3011
-13 -50 8369
-7 -27 2900
-8 -31 5957
-9 -35 4680
-10 -39 7372
-12 -47 9405
-13 -51 8778
-22 -87 9120
-1 -4 527
-8 -33 5468
-7 -29 5256
-13 -54 6394
-6 -25 2941
-11 -46 5639
-9 -38 6571
-13 -55 8395
-4 -17 1760
-7 -30 5356
-17 -73 9933
-10 -43 6830
-16 -69 8731
-3 -13 1438
-14 -61 6332
-5 -22 4603
-16 -71 8898
-18 -80 8461
-11 -49 7380
-19 -85 8809
-2 -9 1091
-9 -41 4786
-7 -32 4845
-17 -78 8488
-5 -23 4465
-3 -14 2710
-10 -47 5606
-7 -33 3954
-11 -52 7961
-4 -19 2094
-5 -24 4945
-7 -34 5150
-8 -39 4626
-10 -49 7479
-1 -5 820
-12 -61 9983
-10 -51 9278
-13 -67 8254
-11 -57 9074
-5 -26 3835
-13 -68 8275
-4 -21 2880
-7 -37 6016
-3 -16 1728
-10 -54 8301
-12 -65 9535
-9 -49 7024
-2 -11 1855
-9 -50 8482
-5 -28 4054
-8 -45 4880
-3 -17 2798
-10 -57 8004
-4 -23 3494
-5 -29 5601
-11 -64 6774
-2 -12 1769
-12 -73 7676
-8 -49 6882
-7 -43 4629
-4 -25 2735
-11 -69 8050
-7 -44 6655
-3 -19 2327
-5 -32 6079
-7 -45 5299
-9 -58 6021
-2 -13 1517
-3 -20 3614
-4 -27 3399
-5 -34 5631
-7 -48 8033
-1 -7 1504
-12 -85 9821
-6 -43 6473
-11 -79 9180
-5 -36 7269
-4 -29 4691
-7 -51 9033
-11 -81 9370
-5 -37 3784
-7 -52 8507
-2 -15 2721
-11 -83 9535
-7 -53 8529
-5 -38 6704
-3 -23 3007
-4 -31 4906
-1 -8 1133
-7 -57 7727
-3 -25 4287
-2 -17 2592
-5 -43 5736
-3 -26 3151
-4 -35 6274
-5 -44 7816
-6 -53 7060
-7 -62 7642
-1 -9 1145
-5 -46 6707
-3 -28 2999
-5 -47 7065
-7 -66 9655
-2 -19 2494
-8 -77 8468
-5 -49 7747
-6 -59 7048
-1 -10 1818
-7 -71 9337
-3 -31 3670
-2 -21 4011
-3 -32 5113
-4 -43 8521
-7 -76 9260
-1 -11 1709
-6 -67 6956
-4 -45 8479
-2 -23 3549
-5 -58 9270
-3 -35 3694
-7 -82 8466
-1 -12 2244
-8 -97 9835
-7 -85 9440
-4 -49 6998
-2 -25 3371
-1 -13 1371
-5 -67 9556
-2 -27 3674
-1 -14 2137
-3 -43 6323
-2 -29 3719
-3 -44 6555
-1 -15 1671
-3 -46 6034
-2 -31 5729
-3 -47 7897
-4 -63 7066
-1 -16 1933
-2 -33 3457
-3 -50 8234
-4 -67 8302
-1 -17 2030
-2 -35 4590
-3 -53 5758
-1 -18 2266
-2 -37 4509
-1 -19 2858
-3 -58 9342
-2 -39 4325
-3 -59 7756
-1 -20 2836
-2 -41 6148
-1 -21 3285
-3 -65 9597
-1 -22 3668
-3 -67 8820
-2 -46 4659
-2 -47 5135
-2 -48 7359
-2 -51 7882
-1 -26 4908
-1 -28 3012
-1 -29 5377
-1 -30 4777
-1 -31 5946
-1 -32 4010
-1 -34 5436
-1 -35 5784
-1 -36 4702
-1 -43 6707
-1 -44 5954
-1 -45 5133
-1 -47 8489
-1 -50 6435
-1 -51 9109
-1 -56 7210
-1 -58 7931
-1 -61 9742
-1 -70 7513
-1 -71 8058
-1 -74 8844
-1 -82 9115
0 -1 168
1 -67 8177
1 -60 7448
1 -59 7060
1 -55 7254
1 -53 8500
1 -48 5642
1 -44 4547
1 -39 4267
1 -37 4664
1 -36 4259
1 -35 4498
1 -33 5531
2 -65 9473
1 -32 6405
2 -63 8344
1 -30 3114
1 -29 3110
2 -55 7870
1 -27 3375
1 -26 4171
1 -25 2893
2 -47 4790
2 -45 8739
3 -67 7459
2 -44 5301
3 -65 8769
1 -21 3185
1 -20 2876
1 -19 2124
3 -56 6222
2 -37 6891
3 -55 8543
1 -18 2531
4 -71 9047
2 -35 3716
3 -52 7165
1 -17 1875
3 -50 7428
5 -83 9041
2 -33 5690
3 -49 7352
4 -65 8408
1 -16 2165
2 -31 4643
3 -46 7323
6 -88 9897
2 -29 3102
1 -14 2605
4 -55 7213
2 -27 2886
1 -13 2364
5 -64 9850
4 -51 7207
7 -89 9970
3 -38 6418
2 -25 4055
7 -87 8900
4 -49 9130
1 -12 2324
7 -83 9937
4 -47 8104
2 -23 2714
5 -57 6046
3 -34 5515
5 -56 6303
1 -11 1454
6 -65 7813
5 -54 8267
2 -21 2702
4 -41 4564
6 -61 7090
1 -10 1329
4 -39 7846
3 -29 4185
2 -19 3736
7 -66 8331
5 -47 7855
3 -28 3087
6 -55 7184
1 -9 1220
6 -53 6746
5 -44 5761
3 -26 4793
2 -17 1771
7 -59 8391
5 -42 6813
3 -25 3311
8 -65 8731
1 -8 1123
8 -63 8998
5 -39 7561
4 -31 3334
3 -23 4419
5 -38 5888
2 -15 2328
7 -52 5909
5 -37 7294
8 -59 8116
3 -22 3397
4 -29 4241
5 -36 6388
1 -7 1076
6 -41 7753
4 -27 3978
3 -20 2692
5 -33 4395
2 -13 2496
12 -77 9068
3 -19 2076
7 -44 6295
4 -25 2902
5 -31 4589
6 -37 6867
8 -49 8351
9 -55 8381
10 -61 8869
1 -6 779
11 -65 7347
10 -59 7473
6 -35 4751
9 -52 8565
4 -23 2975
7 -40 6894
15 -85 9033
11 -62 6565
13 -73 9721
5 -28 3305
7 -39 7934
2 -11 1376
11 -60 9038
5 -27 5057
8 -43 7680
3 -16 2346
7 -37 4801
5 -26 3775
6 -31 6142
8 -41 4320
9 -46 9136
1 -5 839
16 -79 9530
14 -69 9696
11 -54 7873
8 -39 6590
14 -68 7515
6 -29 3795
5 -24 3533
9 -43 6045
4 -19 2962
15 -71 8508
7 -33 4734
3 -14 2050
8 -37 5846
18 -83 8872
5 -23 3549
12 -55 8438
7 -32 4732
9 -41 7273
11 -50 9558
13 -59 7369
2 -9 1151
7 -31 4775
12 -53 9494
17 -75 8189
5 -22 3030
11 -48 7281
3 -13 1693
7 -30 6254
11 -47 7923
4 -17 2450
14 -59 8512
5 -21 2555
6 -25 2878
7 -29 5820
8 -33 5421
21 -86 9235
11 -45 4938
12 -49 8498
1 -4 449
14 -55 7905
11 -43 4569
10 -39 4423
8 -31 5837
15 -58 9009
7 -27 3904
13 -50 5649
17 -65 7962
11 -42 8321
5 -19 2392
14 -53 6615
9 -34 5129
4 -15 1761
19 -71 9882
7 -26 4974
10 -37 4898
13 -48 9340
3 -11 1739
14 -51 9479
5 -18 1958
22 -79 9230
17 -61 8335
7 -25 2726
11 -39 8251
2 -7 1006
19 -66 6921
17 -59 9473
22 -76 8501
9 -31 4260
7 -24 3887
17 -58 7806
5 -17 3118
8 -27 3903
14 -47 6229
23 -77 9762
3 -10 1527
10 -33 5236
7 -23 3701
11 -36 5076
15 -49 6679
4 -13 1547
21 -68 8933
9 -29 4172
28 -90 9569
5 -16 2444
6 -19 2305
13 -41 6353
17 -53 8846
9 -28 5916
19 -59 8174
10 -31 3353
12 -37 5578
16 -49 7778
18 -55 6344
1 -3 362
18 -53 9636
15 -44 4827
29 -85 9914
11 -32 3690
10 -29 3461
19 -55 6412
9 -26 4083
16 -46 8833
7 -20 4253
6 -17 3139
16 -45 9391
5 -14 1832
9 -25 3348
13 -36 6363
4 -11 1742
19 -52 6291
15 -41 5644
11 -30 3958
7 -19 2970
17 -46 6583
10 -27 4067
13 -35 4914
19 -51 8890
3 -8 1183
17 -45 6249
14 -37 5422
19 -50 5590
8 -21 3647
13 -34 5860
5 -13 1464
17 -44 6936
12 -31 5241
7 -18 2834
16 -41 7490
9 -23 3649
11 -28 3081
2 -5 716
15 -37 8078
13 -32 3806
11 -27 4174
9 -22 2835
16 -39 4856
7 -17 2489
12 -29 4119
29 -70 9063
22 -53 7139
5 -12 1445
23 -55 8743
21 -50 7580
8 -19 2660
19 -45 5442
11 -26 3045
14 -33 4069
17 -40 8635
29 -68 9717
3 -7 1020
19 -44 6236
16 -37 7124
10 -23 3566
7 -16 3117
29 -66 8801
19 -43 5890
4 -9 1280
21 -47 6175
13 -29 4349
9 -20 2690
14 -31 4510
19 -42 7823
29 -64 8864
5 -11 1287
16 -35 7100
22 -48 5925
6 -13 2212
32 -69 9348
7 -15 1720
23 -49 7246
8 -17 3216
33 -70 9853
9 -19 3069
29 -61 9211
10 -21 2760
11 -23 2941
12 -25 4766
25 -52 9918
13 -27 5468
15 -31 4959
23 -47 9366
1 -2 268
38 -75 9049
31 -61 7988
30 -59 9103
29 -57 9118
23 -45 7571
22 -43 8118
20 -39 6093
39 -76 9666
18 -35 7415
35 -68 9718
15 -29 4463
14 -27 4643
13 -25 4676
12 -23 3605
23 -44 8132
34 -65 9152
11 -21 2421
21 -40 4795
19 -36 6629
9 -17 2626
26 -49 9147
8 -15 1922
15 -28 6065
22 -41 9247
7 -13 1694
27 -50 8033
20 -37 8242
33 -61 7908
19 -35 5637
25 -46 5472
43 -79 9503
6 -11 1585
23 -42 9370
11 -20 4533
27 -49 8440
5 -9 1592
34 -61 7728
14 -25 4817
37 -66 8621
32 -57 9253
27 -48 8443
22 -39 8363
30 -53 6535
17 -30 4504
4 -7 1005
43 -75 8780
39 -68 9760
31 -54 9818
27 -47 7294
49 -85 9911
15 -26 4086
26 -45 9367
18 -31 6376
7 -12 1796
24 -41 9045
17 -29 6023
27 -46 9255
10 -17 2463
23 -39 5601
29 -49 6070
19 -32 6885
25 -42 7171
3 -5 1145
29 -48 5704
14 -23 2895
25 -41 8120
11 -18 3083
19 -31 3928
27 -44 7391
8 -13 2527
13 -21 3824
28 -45 7279
5 -8 1319
32 -51 7586
27 -43 6859
17 -27 4528
29 -46 5982
31 -49 6448
19 -30 4068
45 -71 8702
33 -52 8870
7 -11 2187
9 -14 1862
29 -45 5696
11 -17 3298
24 -37 7132
15 -23 3489
32 -49 9999
19 -29 4056
2 -3 707
39 -58 8705
31 -46 9162
27 -40 7374
25 -37 6929
21 -31 4088
19 -28 4596
51 -75 9128
47 -69 8450
15 -22 4548
28 -41 5333
13 -19 3769
37 -54 9007
24 -35 6462
11 -16 2158
9 -13 2195
25 -36 6159
48 -69 8797
23 -33 6222
37 -53 7008
7 -10 1715
19 -27 3524
41 -58 8279
29 -41 7396
22 -31 5341
27 -38 7492
32 -45 6183
47 -66 9597
5 -7 1188
43 -60 9413
51 -71 9215
18 -25 5894
13 -18 3777
21 -29 5825
8 -11 2135
43 -59 8328
35 -48 9925
30 -41 5661
11 -15 3764
25 -34 8372
14 -19 3583
17 -23 4302
20 -27 3692
23 -31 5750
26 -35 5799
41 -55 9005
3 -4 566
19 -25 4045
45 -59 9343
29 -38 8140
42 -55 8141
13 -17 2679
23 -30 7191
10 -13 1772
44 -57 8649
17 -22 3004
24 -31 6565
31 -40 6903
7 -9 1381
11 -14 1945
26 -33 6751
15 -19 2826
42 -53 7985
23 -29 5950
27 -34 5341
35 -44 9182
4 -5 832
49 -61 9649
41 -51 9323
33 -41 9839
29 -36 4841
17 -21 5313
30 -37 6295
43 -53 8594
22 -27 4747
9 -11 1909
14 -17 2492
19 -23 4724
24 -29 4879
29 -35 7098
49 -59 9940
54 -65 9043
5 -6 1382
31 -37 7139
21 -25 5567
16 -19 3464
11 -13 2033
28 -33 5030
17 -20 3496
23 -27 6261
29 -34 6316
6 -7 1440
55 -64 8788
43 -50 8234
56 -65 8971
44 -51 9210
13 -15 2516
27 -31 5156
41 -47 9741
55 -63 9374
21 -24 3968
36 -41 8658
22 -25 5761
37 -42 7218
15 -17 2759
8 -9 1242
41 -46 6889
25 -28 7199
42 -47 8062
17 -19 4211
26 -29 4073
35 -39 9648
9 -10 1819
19 -21 5138
49 -54 8467
10 -11 2632
52 -57 8398
21 -23 3282
56 -61 9575
23 -25 6198
35 -38 5917
12 -13 2003
37 -40 6780
38 -41 8876
13 -14 3430
41 -44 8132
28 -30 8211
15 -16 3763
31 -33 5966
16 -17 2851
17 -18 3008
36 -38 9409
20 -21 4015
41 -43 7229
21 -22 5624
43 -45 6744
45 -47 7638
47 -49 7299
49 -51 7994
25 -26 3879
51 -53 8935
26 -27 4257
28 -29 5862
29 -30 7645
31 -32 7507
32 -33 5725
40 -41 7737
42 -43 8316
45 -46 7778
46 -47 7563
49 -50 8082
2 -2 447
39 -38 9866
38 -37 6924
37 -36 9367
36 -35 5652
35 -34 7365
32 -31 6025
63 -61 9072
31 -30 7021
30 -29 6585
26 -25 5748
51 -49 7348
49 -47 9651
24 -23 3876
23 -22 5571
21 -20 3708
20 -19 3471
19 -18 4870
18 -17 3885
17 -16 3934
32 -30 4789
31 -29 4884
15 -14 2184
14 -13 2021
41 -38 5853
40 -37 9482
53 -49 9176
13 -12 2244
12 -11 1993
35 -32 6188
23 -21 3565
34 -31 5209
56 -51 9770
11 -10 2567
43 -39 6236
32 -29 5835
41 -37 5781
10 -9 1664
49 -44 7058
48 -43 9332
19 -17 2989
9 -8 1318
44 -39 7128
35 -31 6999
51 -45 9568
33 -29 6977
8 -7 1225
39 -34 6450
23 -20 4203
38 -33 7881
15 -13 3029
67 -58 9853
37 -32 8658
22 -19 5431
36 -31 5134
7 -6 1006
34 -29 5768
20 -17 4422
33 -28 7616
13 -11 2622
32 -27 5468
63 -53 9246
44 -37 7000
56 -47 7760
49 -41 6952
6 -5 1427
47 -39 8993
35 -29 5063
29 -24 6133
23 -19 5369
17 -14 3991
62 -51 9029
39 -32 9164
11 -9 2033
27 -22 6876
16 -13 3317
37 -30 7213
21 -17 4867
41 -33 6123
51 -41 8669
5 -4 1172
44 -35 6846
39 -31 5942
34 -27 4836
24 -19 4435
19 -15 2622
47 -37 6824
14 -11 2584
23 -18 3703
32 -25 7683
9 -7 1777
31 -24 6622
53 -41 6854
22 -17 3934
13 -10 2028
69 -53 9637
30 -23 5593
17 -13 4246
46 -35 5974
25 -19 3890
29 -22 6179
37 -28 9007
41 -31 8643
45 -34 9378
57 -43 7338
4 -3 824
63 -47 8192
39 -29 6834
31 -23 7357
23 -17 2945
61 -45 9370
34 -25 6100
64 -47 9423
15 -11 3819
26 -19 4306
11 -8 2289
51 -37 9339
40 -29 7236
29 -21 3789
47 -34 9961
18 -13 3675
39 -28 9521
60 -43 9939
7 -5 1856
24 -17 4105
41 -29 7971
17 -12 2657
27 -19 6274
10 -7 1333
33 -23 6114
79 -55 9920
46 -32 6383
13 -9 2099
29 -20 6033
16 -11 2683
67 -46 8789
35 -24 7264
19 -13 3487
22 -15 3289
47 -32 7179
28 -19 6481
34 -23 5719
43 -29 9170
3 -2 508
59 -39 9929
47 -31 6994
44 -29 8305
35 -23 4984
43 -28 9722
37 -24 7886
17 -11 2199
31 -20 4894
45 -29 9704
14 -9 2357
53 -34 8780
25 -16 5876
36 -23 6641
47 -30 9348
11 -7 1476
41 -26 8172
30 -19 5575
19 -12 3939
46 -29 7316
43 -27 8280
51 -32 9588
8 -5 1233
37 -23 5644
58 -36 6911
39 -24 5279
62 -38 9133
18 -11 4444
23 -14 4041
28 -17 3461
33 -20 6980
48 -29 6135
5 -3 887
42 -25 6675
37 -22 7657
59 -35 9730
27 -16 4772
49 -29 7663
22 -13 2659
39 -23 4603
17 -10 2725
46 -27 9725
41 -24 5354
53 -31 7530
12 -7 2002
31 -18 3741
50 -29 7918
19 -11 3100
59 -34 8968
33 -19 5535
40 -23 7626
7 -4 1077
37 -21 8308
53 -30 7415
62 -35 8724
55 -31 8127
16 -9 3670
59 -33 8356
34 -19 7002
43 -24 7147
9 -5 1480
20 -11 2978
73 -40 9264
11 -6 1484
46 -25 5540
35 -19 7097
24 -13 3052
37 -20 5360
13 -7 1648
54 -29 8460
41 -22 6901
28 -15 4317
43 -23 5249
15 -8 2953
47 -25 7858
17 -9 2217
36 -19 5537
19 -10 3035
40 -21 7345
42 -22 6293
65 -34 9073
23 -12 3745
48 -25 5494
27 -14 3664
31 -16 6200
37 -19 5302
39 -20 6557
80 -41 9005
41 -21 7532
43 -22 6213
2 -1 329
57 -28 8632
51 -25 5804
49 -24 9561
47 -23 8752
33 -16 6029
29 -14 4644
56 -27 7349
27 -13 4959
79 -38 9325
25 -12 3025
23 -11 3540
44 -21 5902
40 -19 7292
78 -37 9706
19 -9 2862
36 -17 6269
17 -8 2141
49 -23 9544
15 -7 1835
58 -27 7277
41 -19 7115
54 -25 9487
13 -6 2643
48 -22 6799
59 -27 9131
46 -21 8958
57 -26 7053
11 -5 1820
42 -19 4652
20 -9 3432
49 -22 9700
58 -26 8383
56 -25 8400
9 -4 1041
52 -23 6650
43 -19 6790
25 -11 2866
41 -18 7597
16 -7 2662
39 -17 7999
23 -10 3404
30 -13 4103
37 -16 7777
51 -22 8170
7 -3 1215
33 -14 6298
26 -11 5335
64 -27 9160
19 -8 3884
50 -21 9485
43 -18 9035
12 -5 1532
65 -27 9670
41 -17 4848
29 -12 3269
46 -19 6191
17 -7 1995
22 -9 4251
27 -11 3332
37 -15 5092
52 -21 9755
5 -2 629
43 -17 8363
38 -15 4204
28 -11 3381
23 -9 3616
41 -16 7872
59 -23 9015
18 -7 2489
67 -26 9876
49 -19 6918
31 -12 6717
44 -17 8258
70 -27 9882
13 -5 1501
73 -28 9571
60 -23 6657
47 -18 6798
21 -8 3906
29 -11 6025
37 -14 7261
45 -17 5542
53 -20 7271
8 -3 913
78 -29 8926
27 -10 3158
19 -7 2308
30 -11 4759
41 -15 7467
52 -19 8640
63 -23 8755
11 -4 1316
69 -25 9496
14 -5 1884
48 -17 6628
17 -6 2136
54 -19 8802
37 -13 7118
20 -7 2444
43 -15 5442
23 -8 3539
75 -26 9382
84 -29 9033
38 -13 6505
3 -1 345
76 -25 9363
46 -15 9179
43 -14 7248
34 -11 5557
31 -10 5358
28 -9 3451
53 -17 9884
50 -16 8691
47 -15 8617
19 -6 2113
35 -11 6636
16 -5 2688
45 -14 4852
29 -9 3106
55 -17 6345
13 -4 1645
23 -7 3348
33 -10 6607
10 -3 2134
27 -8 3494
17 -5 2879
58 -17 8714
41 -12 6814
24 -7 3712
31 -9 3343
38 -11 5617
52 -15 8717
7 -2 1300
46 -13 6153
25 -7 2786
43 -12 5538
61 -17 9832
36 -10 3813
80 -22 9381
11 -3 1779
59 -16 9468
48 -13 5246
37 -10 4780
89 -24 9305
26 -7 4201
15 -4 1575
64 -17 9849
49 -13 5449
72 -19 9656
19 -5 2069
61 -16 9678
42 -11 7336
65 -17 7230
23 -6 2919
73 -19 8214
50 -13 9910
27 -7 5587
62 -16 7793
39 -10 7103
63 -16 8863
4 -1 710
45 -11 6779
86 -21 9410
41 -10 6767
37 -9 5447
29 -7 5943
71 -17 9758
21 -5 2393
38 -9 6408
17 -4 1817
30 -7 5471
43 -10 6215
56 -13 8252
13 -3 1506
35 -8 6588
57 -13 9742
22 -5 4438
31 -7 4396
58 -13 8990
9 -2 1286
68 -15 8862
59 -13 9456
41 -9 6900
23 -5 4055
60 -13 9756
14 -3 1690
47 -10 7243
19 -4 3095
62 -13 6691
67 -14 8394
53 -11 9176
34 -7 5206
44 -9 5070
5 -1 950
61 -12 7715
46 -9 5656
41 -8 7214
36 -7 4717
57 -11 6128
79 -15 8621
58 -11 9369
16 -3 2294
75 -14 8708
27 -5 5249
38 -7 5944
71 -13 7426
11 -2 1940
50 -9 8381
78 -14 8617
28 -5 3060
45 -8 9048
17 -3 3052
40 -7 5043
23 -4 4380
93 -16 9845
35 -6 6775
41 -7 7563
53 -9 5843
6 -1 882
49 -8 5779
43 -7 7619
31 -5 4829
56 -9 6264
50 -8 7925
44 -7 8015
19 -3 2250
51 -8 9409
83 -13 8784
32 -5 3747
77 -12 9707
45 -7 7960
13 -2 1773
33 -5 5389
27 -4 2837
34 -5 6377
41 -6 5293
55 -8 6551
7 -1 1160
78 -11 8768
50 -7 6273
43 -6 6463
36 -5 6724
22 -3 2555
52 -7 7200
15 -2 2165
23 -3 3178
70 -9 8019
78 -10 9793
63 -8 7473
8 -1 829
49 -6 5006
33 -4 5825
58 -7 7317
25 -3 4812
42 -5 7156
59 -7 9036
17 -2 1883
60 -7 7757
43 -5 7745
26 -3 5099
35 -4 4316
44 -5 7651
9 -1 1045
37 -4 4058
93 -10 9568
28 -3 4781
66 -7 6782
19 -2 3101
48 -5 5564
58 -6 7613
39 -4 7347
10 -1 1272
51 -5 8531
31 -3 4226
21 -2 2878
11 -1 1399
34 -3 6197
23 -2 3228
35 -3 4163
12 -1 1471
85 -7 9303
49 -4 8573
25 -2 3545
63 -5 8851
38 -3 4118
51 -4 5273
13 -1 1531
94 -7 9891
27 -2 3473
68 -5 9380
41 -3 4379
14 -1 1561
29 -2 4299
44 -3 7787
59 -4 8868
15 -1 1654
47 -3 8261
16 -1 2802
84 -5 9964
17 -1 2032
52 -3 8919
35 -2 5869
36 -2 4659
37 -2 7163
19 -1 3815
39 -2 4378
20 -1 2575
41 -2 7828
21 -1 2592
22 -1 2411
23 -1 2862
24 -1 2530
25 -1 2551
27 -1 4127
28 -1 3756
29 -1 4342
30 -1 4030
31 -1 4511
63 -2 9387
34 -1 6473
35 -1 4173
72 -2 8021
37 -1 4826
39 -1 5249
40 -1 4315
43 -1 5445
48 -1 5470
51 -1 7609
52 -1 9002
53 -1 8962
54 -1 7474
56 -1 9425
58 -1 8884
60 -1 9848
61 -1 9522
62 -1 8080
63 -1 8428
66 -1 7568
68 -1 7003
74 -1 9299
1 0 134
92 1 9753
76 1 8688
65 1 7101
53 1 5442
52 1 7895
49 1 7658
47 1 8100
46 1 6721
45 1 5457
42 1 4651
40 1 7452
39 1 7428
36 1 6618
35 1 3917
34 1 5897
33 1 5568
32 1 3473
31 1 4581
55 2 8114
27 1 3515
53 2 9437
25 1 4553
49 2 6746
24 1 3348
23 1 3068
45 2 6282
22 1 3189
65 3 8322
43 2 6334
21 1 3839
41 2 4631
20 1 2617
37 2 7105
18 1 1983
71 4 8861
53 3 8223
35 2 4868
17 1 3156
50 3 5687
33 2 4294
16 1 3049
47 3 9291
31 2 6167
46 3 5004
15 1 2202
59 4 8832
14 1 1973
69 5 8329
55 4 8368
41 3 4863
67 5 8893
40 3 6407
92 7 9515
13 1 2086
51 4 8213
25 2 5091
37 3 6173
12 1 1466
47 4 8871
35 3 3704
58 5 7862
23 2 3470
34 3 3597
11 1 1122
32 3 4733
85 8 9665
21 2 3276
73 7 7663
52 5 6383
72 7 9700
10 1 1122
39 4 5137
68 7 9513
19 2 2469
47 5 7545
56 6 6059
9 1 1139
44 5 4560
61 7 7027
26 3 2731
43 5 6655
77 9 9093
34 4 5211
67 8 9426
41 5 7490
49 6 6454
8 1 963
23 3 2657
15 2 1744
52 7 9047
81 11 9279
44 6 5021
29 4 4175
65 9 9995
43 6 7014
7 1 845
41 6 7521
34 5 5888
27 4 4531
53 8 7078
33 5 3538
46 7 4957
13 2 1926
45 7 5495
32 5 5436
19 3 2540
44 7 5739
31 5 4344
68 11 8535
6 1 630
59 10 8509
53 9 7532
41 7 6072
75 13 7884
46 8 8561
86 15 9553
17 3 2419
39 7 7680
50 9 5641
11 2 1512
27 5 4611
16 3 2678
58 11 9104
21 4 3994
47 9 5642
78 15 9685
83 16 9574
57 11 9855
36 7 6249
41 8 7068
51 10 9804
61 12 9074
66 13 8856
71 14 8847
5 1 980
44 9 7903
24 5 4250
19 4 2987
33 7 4273
14 3 1448
51 11 8657
55 12 7780
32 7 5936
9 2 1127
67 15 9426
58 13 9198
75 17 9012
22 5 2580
35 8 5900
87 20 9659
13 3 1452
69 16 7184
30 7 5224
77 18 8798
47 11 6274
17 4 2417
38 9 5281
59 14 7691
21 5 3919
29 7 5936
33 8 4482
41 10 7336
4 1 463
59 15 9594
51 13 7879
27 7 3755
23 6 2654
19 5 3291
64 17 8711
15 4 3031
26 7 3027
37 10 4494
59 16 9698
11 3 1480
40 11 4653
47 13 7701
18 5 1875
61 17 7511
43 12 6175
32 9 3851
46 13 6667
7 2 748
80 23 8832
66 19 7827
52 15 7830
31 9 3667
65 19 7518
17 5 2479
27 8 3063
47 14 9701
10 3 1261
76 23 8552
33 10 4411
56 17 8297
23 7 3695
82 25 9477
59 18 6621
49 15 6960
13 4 1888
42 13 6834
29 9 3888
45 14 7266
16 5 2222
35 11 3907
19 6 2424
66 21 7172
25 8 4370
78 25 8265
28 9 5266
59 19 9770
31 10 3303
34 11 5405
40 13 7951
64 21 7033
76 25 8712
3 1 338
50 17 9873
38 13 4662
35 12 5432
32 11 3460
61 21 7054
29 10 4748
26 9 3382
49 17 9681
72 25 8413
23 8 2674
43 15 7811
20 7 2983
17 6 2174
48 17 9195
31 11 6671
45 16 6530
53 19 9752
39 14 4817
25 9 3899
58 21 9744
11 4 1472
41 15 8110
30 11 5615
49 18 6318
19 7 2648
35 13 4978
8 3 1393
50 19 7933
71 27 9450
34 13 7248
13 5 1538
44 17 9129
31 12 4694
80 31 9531
49 19 7878
18 7 2096
41 16 7540
23 9 3237
28 11 3905
33 13 4977
38 15 5128
48 19 5294
58 23 6739
63 25 9165
10 4 1239
67 27 7684
42 17 5488
37 15 6298
32 13 3560
27 11 5744
71 29 9187
22 9 3747
17 7 2543
46 19 6910
29 12 3792
12 5 2275
81 34 9137
45 19 7367
33 14 6484
73 31 8311
7 3 928
51 22 7471
37 16 5965
30 13 4634
39 17 4811
55 24 8206
16 7 2117
57 25 6255
41 18 6292
34 15 6760
9 4 1787
47 21 8604
38 17 8296
29 13 3646
20 9 3278
31 14 4218
11 5 1276
70 32 7997
24 11 2757
37 17 7973
54 25 9694
41 19 7991
28 13 6092
47 22 9942
17 8 2805
87 41 9796
36 17 8047
57 27 8530
21 10 3398
44 21 6889
23 11 3114
48 23 5602
25 12 5139
27 13 3882
56 27 9426
29 14 6393
31 15 5532
64 31 9457
33 16 6851
35 17 5973
39 19 5940
67 33 9343
75 37 8702
2 1 232
51 26 6985
47 24 7168
43 22 8827
72 37 8931
31 16 4817
29 15 4551
56 29 9811
25 13 4104
46 24 6411
21 11 2718
19 10 2657
55 29 9271
53 28 9354
34 18 7445
32 17 5168
47 25 8782
15 8 1966
13 7 1722
63 34 8819
24 13 4680
59 32 9062
35 19 4515
11 6 1597
42 23 5923
51 28 6706
20 11 2622
29 16 3823
9 5 1442
70 39 8361
43 24 9586
34 19 3961
25 14 5252
66 37 8397
39 22 4979
23 13 3648
76 43 9551
30 17 5140
7 4 1122
40 23 5205
73 42 9803
33 19 7450
59 34 7628
19 11 3567
12 7 2449
29 17 4286
63 37 8325
17 10 3541
56 33 9165
39 23 6414
22 13 2678
49 29 7421
32 19 5080
69 41 8179
42 25 6833
47 28 7572
52 31 9100
5 3 825
48 29 8740
23 14 2891
13 8 2229
21 13 4171
8 5 1072
35 22 4862
27 17 4862
19 12 4453
30 19 3870
41 26 9592
11 7 2161
47 30 9735
61 39 8465
25 16 4115
14 9 3308
45 29 7088
62 40 7439
20 13 3627
63 41 8196
23 15 3547
49 32 9754
26 17 5005
29 19 4420
32 21 5629
41 27 6365
50 33 8634
65 43 8881
3 2 400
52 35 9908
43 29 7663
40 27 7676
37 25 7328
34 23 7998
65 44 8337
31 21 5235
28 19 6401
25 17 3216
47 32 7574
63 43 9034
19 13 3787
35 24 5703
16 11 2374
42 29 5554
68 47 9741
13 9 2249
49 34 7689
36 25 7620
23 16 4257
10 7 2025
64 45 8820
41 29 9195
24 17 3355
52 37 9287
73 52 9723
7 5 1071
46 33 9806
39 28 9084
25 18 4123
61 44 8938
18 13 2377
11 8 1570
37 27 5621
26 19 5030
67 49 9172
15 11 2658
64 47 9005
34 25 7506
19 14 4456
23 17 4646
27 20 3459
31 23 3968
35 26 4791
43 32 9630
55 41 7661
4 3 599
33 25 5693
17 13 3018
64 49 8156
30 23 7701
73 56 9315
13 10 1764
22 17 3402
31 24 7155
9 7 1902
32 25 5782
46 36 8799
14 11 2070
33 26 5432
19 15 4219
24 19 4337
29 23 5289
63 50 8150
39 31 5147
44 35 6608
5 4 1174
61 49 9801
46 37 8427
36 29 5290
31 25 4944
21 17 4792
16 13 3353
70 57 9757
27 22 6018
33 27 7654
39 32 5543
45 37 9027
17 14 2998
35 29 4638
47 39 8993
59 49 9048
6 5 1151
37 31 7870
56 47 8066
19 16 3183
13 11 2342
46 39 8205
33 28 6518
27 23 7092
34 29 7682
55 47 8790
7 6 981
50 43 7828
43 37 8939
29 25 5151
37 32 8522
15 13 3780
55 48 9370
8 7 1508
41 36 8253
33 29 8300
17 15 3117
61 54 8947
44 39 6487
9 8 1896
19 17 2948
48 43 7492
29 26 4458
39 35 5979
10 9 2237
31 28 6761
21 19 3992
32 29 4655
43 39 7656
11 10 2737
34 31 6453
35 32 5301
12 11 3225
37 34 8377
50 46 9645
38 35 9170
51 47 9981
13 12 1943
27 25 5678
14 13 1937
29 27 8023
15 14 2719
61 57 9951
16 15 2686
49 46 9595
33 31 5634
17 16 4773
55 52 9897
37 35 7695
19 18 4478
59 56 8324
20 19 4377
41 39 8010
21 20 3236
43 41 9362
45 43 9879
24 23 6426
29 28 7301
43 42 6140
51 50 8859
52 51 9588
1 1 235
47 48 8047
45 46 8608
44 45 9344
39 40 6402
36 37 8767
35 36 7576
29 30 7315
28 29 4213
27 28 7173
26 27 4659
22 23 3894
43 45 7959
20 21 4741
37 39 6291
18 19 4946
17 18 3548
50 53 9576
16 17 2744
15 16 2892
14 15 2340
27 29 7127
13 14 2342
12 13 2315
45 49 7066
11 12 2211
41 45 8987
51 56 8079
10 11 1749
29 32 7129
19 21 5532
9 10 1829
26 29 6108
17 19 5157
42 47 8827
33 37 9748
8 9 1752
23 26 5746
38 43 6628
15 17 2419
37 42 7043
51 58 8640
29 33 5612
7 8 1215
34 39 9969
20 23 4980
13 15 3035
32 37 5300
19 22 5633
25 29 4911
6 7 1228
29 34 8699
17 20 3183
45 53 9175
11 13 1754
27 32 7306
48 57 9514
37 44 6854
21 25 4356
36 43 9050
41 49 8357
5 6 944
44 53 8681
34 41 7121
24 29 4484
19 23 3226
33 40 8294
23 28 5248
9 11 1606
56 69 9074
30 37 9013
47 58 7923
29 36 6422
4 5 725
35 44 6357
23 29 4987
19 24 3594
15 19 3443
26 33 4695
11 14 2217
7 9 1749
45 58 9393
24 31 6011
17 22 3472
27 35 4995
10 13 1763
33 43 6301
23 30 3852
36 47 7760
13 17 2191
22 29 5507
34 45 9067
3 4 968
29 39 6033
23 31 7161
20 27 4540
28 38 7949
39 53 8961
25 34 5945
11 15 3338
19 26 3471
8 11 1437
53 73 9905
21 29 4943
34 47 9022
13 18 3446
18 25 4293
46 64 9541
5 7 1148
37 52 8295
27 38 5908
29 41 6713
12 17 2283
19 27 5817
26 37 6554
7 10 1656
23 33 5023
16 23 4083
9 13 2863
11 16 2838
24 35 4959
13 19 3327
41 60 9050
28 41 8661
15 22 2810
19 28 4663
21 31 3795
23 34 5663
25 37 6748
33 49 6693
35 52 6672
2 3 503
35 53 6999
33 50 9374
25 38 8749
19 29 4192
17 26 4505
47 72 9389
15 23 5139
13 20 3260
24 37 6412
11 17 2594
9 14 2902
25 39 6968
16 25 4516
23 36 5293
7 11 1412
33 52 6609
19 30 4588
12 19 2734
22 35 7441
5 8 1065
28 45 5602
23 37 5807
13 21 3097
21 34 6130
29 47 7396
8 13 2047
35 57 7499
11 18 2908
14 23 4661
20 33 7207
26 43 7100
35 58 7429
3 5 1010
34 57 7470
22 37 6033
29 49 9912
13 22 4064
10 17 3381
24 41 9672
7 12 1678
11 19 2859
15 26 5494
27 47 6369
4 7 1179
25 44 7812
17 30 4521
9 16 3511
23 41 5454
14 25 3594
19 34 5089
34 61 7746
5 9 1120
41 74 8858
26 47 6359
16 29 4384
11 20 3413
19 35 7105
20 37 8313
7 13 2384
29 54 8027
22 41 4791
16 30 4831
33 62 9759
26 49 9914
9 17 3580
19 36 5178
10 19 2881
11 21 2704
12 23 3667
14 27 4985
33 64 9033
18 35 6571
19 37 5941
39 76 9261
24 47 7794
25 49 7032
26 51 9735
39 77 8813
1 2 455
40 81 9710
31 63 8514
23 47 7457
22 45 6760
39 80 9314
19 39 6913
18 37 7541
13 27 4506
12 25 2980
11 23 3159
29 61 6986
9 19 3512
17 36 5523
25 53 6306
8 17 3683
22 47 6811
14 30 6333
20 43 5885
13 28 3676
19 41 8465
6 13 2048
11 24 3475
21 46 7857
26 57 6976
14 31 3434
9 20 2838
22 49 8022
13 29 4362
30 67 7531
4 9 1422
27 61 7795
23 52 6761
19 43 8620
15 34 3870
7 16 2461
27 62 8381
10 23 2746
29 67 9850
16 37 4167
22 51 9152
3 7 1129
26 61 7437
14 33 5728
11 26 4660
19 45 8810
21 50 7902
13 31 4586
18 43 9277
5 12 1491
7 17 2538
9 22 3853
24 59 8557
28 69 8096
15 37 5379
17 42 8045
2 5 700
15 38 4570
13 33 6923
22 56 6577
23 59 7780
7 18 3854
12 31 4140
17 44 5170
22 57 7325
5 13 1630
8 21 3289
11 29 4261
17 45 5841
23 61 9157
3 8 1170
10 27 3592
17 46 7931
7 19 2535
11 30 5025
15 41 8768
23 63 7832
4 11 1237
9 25 4212
14 39 7461
5 14 3111
21 59 9610
16 45 8450
28 79 8663
6 17 2619
13 37 6244
20 57 7565
7 20 2839
15 43 4730
8 23 4714
9 26 4374
20 58 7767
21 61 7009
11 32 3819
12 35 5025
13 38 6322
14 41 5977
15 44 8177
17 50 7251
18 53 7283
1 3 433
13 40 8105
12 37 4781
11 34 4291
9 28 3183
17 53 6069
15 47 6310
7 22 2352
13 41 6934
19 60 7722
6 19 2382
11 35 6744
5 16 2403
14 45 5319
9 29 3080
13 42 7749
4 13 1596
23 75 8997
7 23 2587
10 33 3605
16 53 9704
6 20 2859
14 47 9641
11 37 4234
8 27 3042
5 17 2326
12 41 8716
7 24 3742
23 79 8557
16 55 9211
15 52 5625
2 7 1047
23 81 9489
15 53 6350
11 39 8156
7 25 3717
5 18 3592
13 47 6826
8 29 4395
19 69 9844
11 40 4169
20 73 8027
3 11 1594
11 41 7516
15 56 7306
4 15 1600
13 49 8298
9 34 4911
14 53 5921
11 42 6773
6 23 2939
7 27 5377
22 85 8851
17 66 7379
9 35 6226
10 39 8005
12 47 8642
16 63 9773
1 4 496
13 53 9794
12 49 7707
11 45 9386
10 41 5274
9 37 6420
7 29 3952
13 54 6759
6 25 3361
5 21 3791
4 17 1911
11 47 5615
7 30 5617
10 43 6717
3 13 2060
11 48 8420
13 57 8445
5 22 2592
7 31 5227
9 40 6986
11 49 7089
13 58 6812
2 9 1227
9 41 4208
5 23 2780
8 37 4349
3 14 2848
7 33 4768
4 19 3184
5 24 3706
18 87 9881
13 63 9180
9 44 7232
15 74 7962
1 5 745
10 51 9948
6 31 4063
9 47 5530
4 21 2862
7 37 6149
3 16 2112
7 38 5149
2 11 1720
5 28 5494
3 17 2758
13 74 8946
4 23 3376
6 35 6859
13 76 9965
7 41 4239
1 6 663
9 55 6168
7 43 8753
6 37 7449
11 68 8606
5 31 5740
7 44 7340
13 82 9353
3 19 2412
8 51 7856
2 13 2026
5 33 6060
11 73 8144
3 20 2757
10 67 8513
9 61 9855
7 48 9315
1 7 1097
6 43 8000
5 36 5181
4 29 3987
7 51 8604
3 22 2790
5 37 6686
7 52 9034
2 15 1885
9 68 8622
5 38 7674
3 23 3001
8 63 7974
1 8 974
8 65 9591
7 57 7226
5 41 6389
9 74 8388
4 33 5857
3 25 2686
9 76 9851
2 17 3275
7 60 9046
3 26 4750
5 44 5952
1 9 1355
4 37 5068
3 28 5682
2 19 2507
3 29 5155
6 59 7348
1 10 2034
6 61 6399
4 41 6666
7 72 8332
2 21 3401
4 43 8729
1 11 1393
2 23 3363
3 35 6024
4 47 7229
1 12 1768
2 25 4569
3 38 4302
4 51 5283
1 13 1529
2 27 4067
3 41 5585
4 55 8246
1 14 2009
4 57 7967
4 58 6167
1 15 2018
3 47 5236
1 16 2442
3 50 6094
1 17 2603
2 35 6835
1 18 1936
2 37 5249
4 75 7692
1 19 2532
2 39 4654
1 20 2135
2 41 5222
1 21 3038
1 22 2399
2 45 8202
1 23 3841
2 47 6805
1 24 3144
2 49 7461
3 74 9047
1 27 3144
1 28 3755
2 57 9632
1 29 4090
1 30 3267
1 31 3895
2 64 8707
1 33 5051
1 34 4698
1 35 4858
1 37 7123
1 38 3883
2 79 9737
1 42 4504
1 46 7525
1 47 5276
1 48 6907
1 49 8435
1 50 5338
1 51 7897
1 56 8676
1 58 7670
1 59 7652
1 60 9918
1 64 7348
1 67 7170
1 76 7994
1 83 9940
0 1 151
-1 75 8186
-1 70 8727
-1 68 9665
-1 64 7904
-1 53 7690
-2 95 9761
-1 46 5907
-1 45 6230
-1 44 6352
-2 87 8944
-1 42 5053
-1 41 5085
-1 39 4626
-1 38 7463
-1 33 4259
-2 63 7974
-1 31 5354
-1 30 4831
-1 29 4077
-2 56 8263
-1 27 2797
-2 51 9473
-1 25 4257
-3 73 8249
-2 47 8603
-1 23 3152
-2 45 4588
-1 22 3945
-3 65 9449
-2 43 4449
-3 64 8270
-1 21 2451
-3 61 7600
-1 20 2160
-1 19 3330
-4 75 9449
-3 56 9943
-2 37 6240
-1 18 3565
-3 53 8145
-4 70 9831
-3 52 7124
-1 17 2892
-3 50 7415
-2 33 4755
-3 49 6521
-1 16 2158
-3 47 6916
-1 15 2080
-5 73 8514
-2 29 3668
-1 14 1520
-4 55 7755
-3 41 8245
-2 27 2751
-3 40 5662
-1 13 1682
-4 51 5594
-2 25 3120
-4 49 9201
-1 12 1313
-3 35 6081
-5 58 9565
-3 34 4843
-4 45 8348
-1 11 1562
-4 43 7030
-3 32 4500
-5 53 8589
-4 41 8134
-5 51 7945
-6 61 9340
-1 10 1407
-4 39 3971
-7 68 6921
-3 29 5117
-2 19 2650
-3 28 3275
-7 65 7358
-6 55 5880
-1 9 1444
-4 35 4614
-11 96 9847
-3 26 4827
-5 43 4476
-9 77 9012
-4 34 3839
-5 42 6740
-3 25 3522
-7 58 7723
-5 41 4605
-8 65 8407
-1 8 1052
-3 23 2385
-11 84 9934
-5 38 4084
-2 15 1902
-7 52 6578
-8 59 7960
-3 22 4325
-10 73 7728
-4 29 3022
-6 43 7449
-1 7 762
-4 27 3199
-7 47 9494
-5 33 4970
-7 46 7737
-9 59 9649
-2 13 2268
-8 51 6292
-11 70 8670
-6 38 5575
-4 25 4933
-9 56 6162
-13 80 8171
-7 43 4458
-10 61 9855
-1 6 863
-15 89 9469
-9 53 5565
-7 41 7722
-6 35 5158
-5 29 5621
-9 52 9449
-12 69 8714
-10 57 7464
-3 17 1987
-2 11 1233
-7 38 6509
-5 27 3463
-13 70 9304
-3 16 2635
-10 53 7241
-18 95 9964
-11 58 8438
-4 21 2381
-5 26 4001
-7 36 7323
-8 41 5488
-13 66 9538
-16 81 8348
-1 5 1065
-9 44 6442
-8 39 7526
-6 29 5148
-11 53 9811
-5 24 4123
-4 19 2634
-10 47 4877
-3 14 1923
-11 51 6019
-8 37 4065
-5 23 3207
-12 55 7800
-7 32 4530
-9 41 7614
-2 9 1062
-9 40 7709
-7 31 3544
-5 22 2456
-8 35 3782
-3 13 1853
-7 30 5260
-11 47 7424
-4 17 2138
-9 38 6581
-14 59 8685
-5 21 2918
-16 67 8327
-6 25 3075
-13 54 6078
-7 29 3298
-8 33 6759
-9 37 7529
-10 41 6258
-13 53 9870
-1 4 621
-12 47 7854
-6 23 2844
-19 72 8136
-4 15 1759
-14 52 6997
-10 37 7462
-13 48 9119
-3 11 1585
-17 62 9554
-14 51 7074
-8 29 5236
-21 76 8057
-5 18 2655
-7 25 3848
-9 32 6549
-21 74 9518
-2 7 775
-9 31 4351
-16 55 9653
-12 41 5877
-22 75 9505
-5 17 2742
-8 27 3278
-11 37 7716
-17 57 6875
-3 10 1204
-10 33 3615
-17 56 9529
-7 23 3349
-11 36 6688
-15 49 7980
-4 13 1503
-13 42 5501
-9 29 3483
-14 45 6218
-19 61 8143
-5 16 2146
-21 67 8129
-17 54 8806
-6 19 3636
-20 63 6943
-8 25 3850
-9 28 4662
-10 31 4991
-11 34 3847
-13 40 6520
-14 43 6423
-15 46 8621
-21 64 8921
-23 70 9088
-1 3 382
-19 56 8087
-17 50 8258
-15 44 6417
-11 32 5128
-10 29 5396
-19 55 7241
-9 26 4050
-16 46 9483
-14 40 4939
-13 37 4064
-19 54 6963
-6 17 2496
-23 65 9813
-11 31 5099
-21 59 9262
-5 14 1974
-14 39 5463
-9 25 3453
-13 36 6314
-17 47 6215
-4 11 1895
-27 74 9769
-19 52 6706
-11 30 3996
-7 19 3041
-23 62 7647
-13 35 5802
-19 51 9709
-3 8 1466
-20 53 8513
-17 45 8196
-14 37 6750
-11 29 5670
-8 21 4635
-18 47 9343
-28 73 8638
-5 13 2469
-17 44 4935
-12 31 4096
-19 49 8912
-7 18 2477
-30 77 8470
-9 23 3725
-20 51 7740
-13 33 5106
-17 43 6492
-2 5 1006
-29 72 8007
-17 42 6983
-13 32 5759
-24 59 8479
-20 49 5856
-9 22 4348
-25 61 8961
-16 39 6088
-23 56 7185
-7 17 2501
-19 46 7717
-17 41 8348
-5 12 1401
-13 31 4836
-8 19 2142
-35 83 9838
-11 26 3862
-14 33 3811
-17 40 5497
-3 7 956
-13 30 5416
-23 53 9097
-17 39 7463
-7 16 2623
-18 41 7176
-19 43 6331
-27 61 7538
-4 9 1422
-21 47 7005
-9 20 2848
-14 31 3666
-5 11 1636
-26 57 8631
-16 35 7671
-11 24 2989
-17 37 6264
-23 50 8261
-6 13 1812
-19 41 6453
-13 28 3391
-14 30 5893
-15 32 5506
-31 66 9619
-8 17 2213
-17 36 7319
-19 40 5642
-29 61 7701
-22 46 8961
-12 25 4207
-25 52 9103
-13 27 6073
-14 29 5299
-15 31 3833
-19 39 5962
-21 43 6727
-22 45 7700
-26 53 6257
-28 57 9838
-1 2 310
-35 69 8994
-22 43 7555
-20 39 5455
-18 35 5496
-17 33 5627
-16 31 3825
-14 27 4254
-27 52 6460
-13 25 3970
-25 48 7632
-12 23 3392
-10 19 4050
-37 70 9868
-27 51 6613
-34 64 8065
-8 15 2099
-31 58 9226
-29 54 9676
-7 13 1832
-41 76 9164
-13 24 3046
-6 11 2050
-29 53 9858
-17 31 3862
-39 71 8827
-11 20 3944
-31 56 7246
-5 9 1660
-19 34 4800
-14 25 3454
-9 16 2092
-31 55 8471
-13 23 3791
-21 37 6482
-25 44 6027
-29 51 9481
-4 7 1222
-39 68 8717
-19 33 5552
-15 26 4133
-37 64 7713
-11 19 2337
-47 81 9440
-7 12 2814
-17 29 5534
-10 17 2376
-23 39 6187
-13 22 3838
-16 27 4466
-19 32 5448
-22 37 5102
-25 42 8842
-3 5 881
-26 43 7550
-23 38 6047
-20 33 4462
-17 28 4437
-25 41 8522
-22 36 7493
-49 80 9440
-8 13 2290
-44 71 8417
-18 29 4746
-41 66 9462
-5 8 1374
-22 35 6301
-17 27 5808
-29 46 9507
-12 19 3196
-19 30 4481
-26 41 6491
-33 52 6932
-7 11 2170
-23 36 8404
-16 25 4333
-9 14 2076
-20 31 6818
-24 37 6876
-13 20 3564
-15 23 4675
-17 26 3232
-19 29 6412
-21 32 7145
-23 35 4504
-25 38 5609
-2 3 439
-27 40 9336
-25 37 7279
-17 25 3462
-54 79 9697
-13 19 2762
-24 35 7652
-11 16 2147
-20 29 6814
-29 42 8397
-9 13 1877
-43 62 9616
-41 59 8232
-16 23 3093
-46 66 8325
-37 53 7486
-7 10 1512
-19 27 5577
-12 17 3415
-17 24 3286
-22 31 4447
-27 38 4881
-42 59 9024
-5 7 1233
-28 39 7622
-23 32 7542
-41 57 8069
-49 68 8812
-31 43 7138
-13 18 3861
-8 11 1609
-27 37 8427
-19 26 6015
-11 15 2694
-39 53 6733
-14 19 3223
-31 42 7371
-17 23 3972
-37 50 8747
-20 27 3429
-23 31 7297
-32 43 8382
-38 51 8608
-3 4 805
-22 29 3826
-19 25 3602
-16 21 5087
-29 38 5131
-13 17 2752
-23 30 3945
-10 13 2595
-27 35 6955
-24 31 6687
-31 40 8962
-14 18 4163
-46 59 8793
-25 32 5361
-18 23 3267
-51 65 8880
-11 14 3513
-48 61 7972
-15 19 4182
-34 43 7886
-19 24 3667
-23 29 5581
-43 54 7370
-4 5 920
-37 46 8658
-21 26 6422
-17 21 3827
-30 37 9309
-13 16 3765
-35 43 6553
-57 70 9852
-22 27 5215
-31 38 5952
-40 49 7992
-18 22 5251
-32 39 7526
-23 28 6137
-14 17 4631
-47 57 8842
-19 23 3537
-29 35 6455
-34 41 9696
-5 6 1330
-47 56 9600
-21 25 3301
-16 19 3488
-11 13 2194
-28 33 4971
-17 20 2924
-40 47 8828
-35 41 6874
-41 48 6655
-6 7 1473
-31 36 6327
-47 54 8141
-34 39 6592
-41 47 9835
-7 8 1933
-36 41 6717
-22 25 6389
-37 42 9835
-15 17 2634
-38 43 9487
-8 9 2492
-25 28 4550
-17 19 3889
-53 59 8535
-9 10 1574
-37 41 9919
-28 31 7911
-48 53 9380
-29 32 6985
-10 11 1578
-11 12 3244
-34 37 6157
-12 13 1867
-62 67 9687
-25 27 5225
-13 14 2323
-40 43 8927
-27 29 5930
-14 15 2178
-15 16 2922
-46 49 9630
-16 17 2833
-17 18 4523
-37 39 9942
-19 20 4320
-21 22 3911
-24 25 5921
-25 26 5813
-26 27 4710
-53 55 8614
-57 59 8857
-29 30 5868
-30 31 7081
-31 32 6679
-33 34 8587
-35 36 5612
-48 49 9634
-1 1 159
-66 65 9612
-63 62 9704
-57 56 8037
-48 47 9751
-44 43 9834
-37 36 7441
-33 32 8717
-32 31 8825
-29 28 5835
-56 54 9927
-27 26 3845
-26 25 6993
-47 45 8328
-23 22 3382
-44 42 7759
-21 20 5775
-37 35 7353
-18 17 4014
-53 50 7399
-17 16 3644
-16 15 3214
-15 14 3139
-14 13 3618
-13 12 1940
-38 35 5670
-25 23 6510
-12 11 2249
-35 32 5608
-23 21 5047
-11 10 1555
-21 19 4958
-31 28 4624
-41 37 9503
-51 46 9934
-10 9 1582
-29 26 6355
-19 17 4263
-28 25 6107
-9 8 1230
-17 15 2369
-59 52 8700
-8 7 1365
-47 41 8449
-39 34 7609
-23 20 3354
-53 46 9581
-15 13 2775
-22 19 3154
-36 31 5769
-50 43 9192
-7 6 1297
-20 17 4331
-33 28 5773
-13 11 2023
-32 27 8163
-38 32 5219
-44 37 9569
-37 31 6614
-55 46 7735
-6 5 932
-41 34 5845
-35 29 5040
-29 24 3831
-17 14 2761
-11 9 1916
-60 49 8629
-38 31 8303
-27 22 5233
-37 30 7589
-21 17 4589
-47 38 6806
-73 59 9468
-26 21 5290
-46 37 7219
-66 53 9555
-5 4 854
-44 35 5938
-39 31 9931
-34 27 6827
-29 23 5072
-61 48 8492
-14 11 2087
-64 50 9279
-9 7 2179
-58 45 8224
-40 31 6579
-31 24 7899
-22 17 3312
-35 27 7943
-13 10 1688
-43 33 5868
-60 46 7819
-47 36 9328
-17 13 3691
-59 45 9610
-21 16 2974
-71 54 9690
-25 19 6272
-33 25 4206
-41 31 9503
-57 43 7692
-4 3 793
-47 35 8004
-43 32 7905
-54 40 8853
-23 17 4880
-42 31 9729
-19 14 3346
-15 11 3553
-26 19 5102
-11 8 2562
-58 42 8075
-47 34 7292
-61 44 7943
-68 49 8567
-32 23 6484
-46 33 6737
-7 5 966
-24 17 5300
-17 12 4070
-74 52 9397
-47 33 9740
-67 47 8286
-10 7 1709
-33 23 4199
-36 25 7614
-39 27 6440
-16 11 2589
-67 46 9098
-51 35 7889
-19 13 4327
-41 28 5745
-22 15 3852
-25 17 4420
-28 19 3687
-31 21 4450
-34 23 6913
-40 27 5482
-55 37 7287
-70 47 9639
-3 2 457
-59 39 9090
-53 35 6520
-47 31 7816
-35 23 5723
-52 34 9843
-49 32 8163
-23 15 4544
-20 13 3639
-57 37 7648
-17 11 2864
-14 9 2540
-25 16 5692
-11 7 2120
-30 19 3714
-19 12 4039
-27 17 5925
-35 22 7904
-67 42 8581
-8 5 1010
-37 23 7203
-29 18 4387
-21 13 3844
-13 8 2086
-49 30 7673
-18 11 2787
-41 25 6530
-23 14 4454
-63 38 8411
-5 3 695
-69 41 8713
-49 29 7101
-22 13 2644
-39 23 4573
-17 10 2401
-58 34 8275
-41 24 8782
-12 7 1591
-31 18 5691
-19 11 2610
-7 4 1085
-58 33 7898
-51 29 7821
-44 25 9343
-30 17 4683
-23 13 4543
-16 9 2472
-25 14 4164
-59 33 9579
-9 5 1198
-47 26 6665
-38 21 8626
-20 11 4748
-31 17 5767
-11 6 1329
-13 7 2121
-54 29 7949
-41 22 7009
-28 15 5677
-73 39 9652
-30 16 6335
-47 25 8251
-32 17 5006
-17 9 3570
-53 28 7746
-19 10 2675
-21 11 3660
-23 12 4861
-71 37 8614
-25 13 5001
-27 14 4323
-31 16 6370
-33 17 5551
-39 20 8569
-41 21 5228
-51 26 7352
-61 31 7966
-2 1 284
-67 33 9399
-55 27 8906
-45 22 7522
-41 20 6698
-39 19 4495
-33 16 4915
-64 31 7889
-60 29 8592
-29 14 3751
-27 13 4367
-50 24 8215
-73 35 8743
-71 34 8979
-46 22 9425
-44 21 7540
-21 10 2418
-19 9 4018
-53 25 6947
-17 8 2437
-47 22 8047
-77 36 9173
-43 20 5098
-28 13 6236
-69 32 7842
-67 31 8194
-13 6 2485
-50 23 7174
-24 11 3621
-35 16 7706
-46 21 7394
-11 5 1925
-29 13 5840
-38 17 7063
-9 4 1101
-34 15 5407
-25 11 4841
-66 29 9863
-16 7 2751
-39 17 5163
-23 10 3082
-30 13 4361
-37 16 6969
-7 3 1358
-26 11 3534
-50 21 9297
-31 13 4811
-43 18 7270
-12 5 1418
-41 17 7482
-29 12 4011
-17 7 2570
-56 23 6646
-39 16 7082
-22 9 3926
-27 11 3881
-59 24 9458
-32 13 4532
-47 19 9763
-87 35 9441
-5 2 686
-63 25 8666
-28 11 4092
-46 18 6969
-18 7 2670
-49 19 6349
-31 12 6107
-88 34 9981
-13 5 1675
-55 21 7965
-21 8 2561
-37 14 7056
-45 17 5984
-8 3 1043
-35 13 5746
-27 10 4916
-73 27 8517
-19 7 3663
-30 11 5871
-41 15 7535
-11 4 1319
-36 13 7276
-25 9 5072
-39 14 6453
-14 5 1663
-45 16 6189
-48 17 8662
-17 6 3141
-57 20 7662
-23 8 2601
-58 20 7191
-61 21 8773
-32 11 4322
-35 12 5615
-44 15 5083
-47 16 8980
-53 18 6878
-3 1 391
-52 17 8784
-37 12 7994
-28 9 4967
-25 8 2876
-22 7 3865
-41 13 5358
-19 6 2336
-73 23 8686
-35 11 5053
-67 21 8741
-16 5 3092
-55 17 8694
-13 4 2478
-36 11 6750
-59 18 6732
-23 7 2804
-56 17 8477
-43 13 7242
-10 3 1644
-67 20 9986
-57 17 8820
-27 8 5147
-44 13 7677
-24 7 3846
-31 9 4612
-7 2 765
-32 9 5523
-57 16 7239
-25 7 4996
-68 19 9071
-18 5 3436
-47 13 4927
-29 8 3116
-69 19 7723
-11 3 1807
-37 10 4955
-52 14 6067
-41 11 4572
-15 4 1897
-19 5 4004
-42 11 4945
-65 17 8287
-23 6 3737
-50 13 5333
-27 7 3151
-31 8 4383
-35 9 4908
-43 11 6491
-47 12 6883
-51 13 8776
-55 14 7803
-4 1 434
-57 14 7957
-53 13 9016
-49 12 7091
-41 10 8352
-37 9 4041
-33 8 4956
-29 7 4186
-25 6 2723
-67 16 9577
-21 5 2603
-55 13 7863
-17 4 3511
-81 19 9741
-56 13 8707
-13 3 2256
-35 8 3987
-57 13 7155
-22 5 3073
-31 7 5061
-9 2 1086
-59 13 6472
-41 9 4651
-78 17 9483
-23 5 2633
-37 8 6319
-51 11 8141
-14 3 1644
-33 7 6529
-85 18 9062
-52 11 7654
-90 19 9929
-19 4 3657
-67 14 8780
-24 5 4249
-53 11 6129
-29 6 4693
-68 14 8573
-39 8 7883
-44 9 6764
-49 10 9869
-5 1 993
-51 10 8296
-46 9 7506
-77 15 8351
-31 6 3564
-57 11 8231
-26 5 4516
-47 9 7824
-21 4 2780
-37 7 5891
-53 10 6027
-70 13 7729
-38 7 4876
-49 9 5967
-60 11 7824
-11 2 1748
-39 7 7858
-45 8 4691
-17 3 2185
-57 10 8157
-40 7 5971
-23 4 3331
-75 13 8457
-52 9 8930
-29 5 4038
-64 11 9609
-35 6 4053
-41 7 5255
-47 8 9571
-59 10 8292
-77 13 8346
-6 1 1035
-61 10 6833
-55 9 8837
-43 7 6351
-37 6 5860
-31 5 5340
-25 4 3629
-19 3 3647
-51 8 8575
-32 5 4875
-13 2 2309
-66 10 9829
-53 8 7160
-20 3 2509
-47 7 7584
-34 5 5082
-89 13 9923
-55 8 8114
-7 1 801
-85 12 9782
-78 11 8043
-43 6 6390
-29 4 4686
-51 7 9182
-22 3 3893
-15 2 1673
-68 9 7361
-61 8 8117
-39 5 4157
-63 8 8947
-8 1 1030
-41 5 5761
-33 4 5599
-25 3 4365
-59 7 9177
-17 2 3319
-43 5 8343
-52 6 8521
-35 4 4703
-44 5 6302
-9 1 1431
-46 5 7172
-47 5 8583
-19 2 3039
-29 3 3098
-68 7 8393
-49 5 7803
-79 8 9707
-10 1 1852
-21 2 3884
-53 5 9725
-32 3 4314
-43 4 8730
-11 1 1891
-56 5 6663
-23 2 2703
-58 5 6935
-35 3 5831
-47 4 4861
-12 1 1273
-85 7 8970
-73 6 8085
-61 5 6513
-49 4 9692
-37 3 4456
-25 2 2595
-38 3 4264
-51 4 8241
-13 1 1420
-27 2 3427
-82 6 8603
-14 1 2698
-71 5 9729
-57 4 7931
-43 3 6657
-29 2 5764
-73 5 9922
-30 2 4731
-31 2 5845
-16 1 2543
-65 4 9418
-49 3 8660
-34 2 4873
-35 2 5294
-36 2 4453
-55 3 8873
-37 2 4631
-19 1 2144
-60 3 7844
-81 4 9759
-62 3 8183
-21 1 3211
-43 2 8064
-22 1 4049
-45 2 6462
-23 1 4033
-49 2 9795
-51 2 9826
-28 1 3667
-88 3 9869
-30 1 3570
-61 2 8089
-31 1 5559
-94 3 9426
-32 1 4378
-33 1 6566
-34 1 4469
-71 2 9301
-38 1 5525
-39 1 6387
-40 1 4787
-42 1 6690
-43 1 4759
-87 2 9508
-44 1 8194
-45 1 4543
-93 2 9690
-47 1 6912
-48 1 9655
-50 1 5295
-53 1 6516
-58 1 7669
-60 1 8103
-62 1 9064
-69 1 7076
-77 1 9268
-1 0 109
55 1
79261.42079
31 29
225322.5016
31 29
225322.5016
