1 16
-1 8 1
1 1
1 2
1 3
1 4
2 1
2 2
2 3
2 4
3 1
3 2
3 3
3 4
4 1
4 2
4 3
4 4

5 1000
-17 1 -18449
17 11 -71078
-8 -13 -145262
-17 15 18507
-2 8 24585
-3831 -7142
9506 7204
-4786 -6064
-8829 -8043
-3615 3265
-2492 -6255
-6035 4873
6731 8956
-8576 -1195
7513 -1781
-6773 8897
1624 -1659
-1783 -1539
6112 -8020
1773 9824
-5271 -6478
-1074 8644
3285 -5418
5618 -1046
8606 -2427
289 -130
-4198 -9226
-7010 -118
-6480 3350
-5800 9697
1871 3736
536 -457
2720 9855
-453 -8106
7033 4573
779 5529
-1047 -5141
5295 -8117
1311 -1938
-9163 9632
-7756 3765
-5174 8410
7616 4637
2378 -2344
8923 -5274
-8476 1474
1383 -1363
-7166 5472
-8116 14
5611 6514
1481 2793
-2139 1317
-7872 3633
2227 -5168
-7648 -1024
5049 -5647
-8480 -4811
-9225 277
-2582 -4815
8883 9473
-3180 9
-4496 -7828
3723 8790
6957 8350
4956 5507
7343 -5506
-2167 6023
-2570 -3254
-453 3795
-3016 -8695
-7013 -2276
-2258 -1931
-1325 -9438
9228 -1570
7494 -8669
4572 -6830
-6090 181
-1441 1389
-5624 -878
-4952 6406
584 -2919
5990 -426
2279 2706
9210 -2062
-689 3363
-2857 -3320
7609 -6235
-6279 2290
8766 2666
1586 -2613
-2065 -8948
6827 -6849
9703 289
-6581 -9717
6642 -6373
4567 -5566
230 -450
-6886 -2947
-1181 -9651
8238 -2425
2337 -5588
-9409 7900
8421 5624
-6902 5090
-338 -1656
9568 3229
6653 1388
-1661 381
6519 9441
-6868 1578
1629 -4641
-1715 3790
8171 -8212
-9414 -6206
9269 -4475
-5139 -5097
-7648 -6916
5532 3466
-4560 -9117
-8697 1105
-7957 -1499
5202 -6399
9365 -1563
7116 -7616
-508 808
-8948 -443
8263 6435
-5714 2389
-8509 6732
-9408 8224
-6748 -6137
-5256 -4271
5897 -419
-9526 3445
-3503 6194
-926 1534
9404 -1893
-9171 -2291
-395 7364
6474 -6748
-3429 -8375
850 -9932
3279 8032
5965 -5287
94 -8619
-4371 -9673
8211 -9940
-1141 -7574
-7676 -1832
-5753 9466
7234 7264
2464 -5863
-1950 6191
-897 -3679
8719 2395
-4958 -6365
-1486 3189
-3494 521
-8776 393
2031 1803
6689 6799
-1493 1657
9394 -2127
3494 3925
-6200 -2828
5987 4718
-8897 8868
2837 3240
7101 5847
-7009 1771
5863 6819
-3234 -9252
-1107 857
-7683 -113
4461 2823
6505 1265
6803 8108
2350 -4675
9867 121
-9754 -4278
5303 8985
-4855 -6044
-625 4840
-3130 9729
8487 -5770
5772 -2049
-1992 -7014
901 8370
4092 -5948
2889 -1298
3162 -6312
-1280 7266
-1228 4495
590 -3994
505 8687
6029 -124
-5378 -9943
-8515 3497
-8873 8080
-3447 -8951
-3048 2560
1035 319
9938 2311
2013 -3164
-6693 -3743
3141 9063
-4687 -9583
-6677 -9465
3747 -789
-3023 -61
9999 4515
3065 -4994
2362 907
5082 1217
-6748 -9454
9190 1216
-9949 -3884
-7315 -4108
4246 5270
-17 -6949
-1451 5019
8305 4628
-3287 9503
272 -1633
5690 9569
5571 -5076
4849 -2387
-1108 6297
1936 6109
6324 -3442
454 3263
-2606 -9199
8156 -5758
4941 3254
1341 1400
4 479
4639 1946
-6075 620
-9028 6497
4838 -5385
-8626 6940
-9257 324
9369 7051
-3641 5493
-425 -5696
5912 523
-4749 -3685
-908 6942
-5555 -9657
-7673 -7453
-558 -697
-7419 9146
9212 -7290
-4141 -6176
9515 -3981
7604 -302
-9610 -3236
7181 7063
5686 960
3627 -9097
-5683 -1805
-5141 5679
7972 -1149
7525 -6665
-5088 -8111
-312 5479
-5416 -3358
-6467 -4359
2712 7045
-9725 2588
-8426 -8254
4466 -9407
-4864 -1461
-121 -2371
-6262 -3464
-5830 7398
-1984 -5452
4491 6153
-3241 -919
-8757 -9756
-1635 410
2177 -4682
611 145
3990 3118
8402 -1253
-6343 6821
4202 6423
6633 847
825 5829
4149 6074
-8723 37
6777 6410
-4662 4189
6446 -2363
7567 4279
-5886 -5508
-3579 -8502
5259 6897
9180 5599
-9606 1289
2351 5676
2798 7995
2257 -8151
626 561
5481 6256
5613 -1991
-6132 6782
5543 5935
3762 -7991
-7326 -2616
-5838 778
-4687 -535
3511 -5189
4714 -3392
9762 -2146
4502 6433
-6556 9751
-5195 9144
8413 -1104
8279 -3597
9943 1507
207 -9390
-5113 1152
-117 -9470
-6425 6962
-4560 4210
-1875 -6022
9331 -4889
-3120 -5935
6633 -7592
9639 -9174
3380 1387
3380 -3042
7099 -5134
-6845 -2510
6737 -8395
-2142 7334
-5823 -7385
5522 -3406
4520 -8682
7884 2060
7319 -1507
8848 8339
5969 7942
-3417 7043
7420 -6182
-6094 7490
9410 -4446
6665 -2657
-2591 -8680
-5216 -3377
8459 5959
-4310 -6453
4085 4325
-5225 -4386
-510 5982
2601 -5617
1198 2175
3535 7383
-9658 1031
5490 5586
-6210 -8083
5474 -116
-9718 4900
-9378 5014
3782 6231
-592 4350
1215 -4182
-7285 4022
-3199 -2399
9461 9783
-9858 -1235
6457 5071
-9723 -1242
7203 -6304
2878 -5985
9280 -4400
2774 9352
5059 9111
-995 -8052
-4614 -1857
4573 8879
952 7788
8090 -5898
1020 -3306
9513 -4131
-5796 -268
7140 477
991 -674
8073 -6691
-7319 8928
-684 3093
-3552 -2945
1712 326
-8805 5331
-6105 5791
-6097 -1035
-1547 -9886
1151 -6886
7480 -9711
-4497 3565
9716 -5883
-8556 -4844
6456 8489
556 6413
8409 -7544
612 -6214
-9292 1026
-1700 3981
8259 -9390
228 7774
-1417 2079
-8068 -6226
4403 2346
9554 5573
-6909 -9577
-6122 -9306
-4779 -1104
1435 -5186
9377 6733
-7683 -341
5422 4390
-549 8046
3421 -2863
8956 4471
-9621 -2464
6316 4726
2012 3028
8047 -7069
1718 -455
3521 9467
-6053 -2892
-3329 -1792
-5849 8317
2237 6524
2501 5704
-3746 -3544
-6435 -1135
5465 -9460
-871 -2687
5344 681
6353 9998
1428 -6461
-1564 -2588
-6372 -9144
-9996 -2752
8226 8163
-5619 9513
7217 293
4942 -7944
9730 7169
-2258 2462
5157 -1744
7601 7196
2733 -830
-5176 4002
7210 8829
4771 8450
-4653 626
7425 573
-7124 6034
9183 -7449
-3346 4090
-5962 3365
-8333 5200
-3661 -8648
-2401 2693
-7678 626
4628 -9427
2604 2261
3146 -9107
2808 -3784
-2890 -804
4538 4914
-4331 1465
-6144 -5589
2799 1011
-517 4114
9605 -1260
7877 -9042
-1016 -4762
7404 -995
-2650 8105
8780 -9620
-6918 2987
-6037 -1499
6411 1734
-9306 9529
412 -3876
-5132 2970
7801 592
7926 7393
-6783 2395
1452 -7841
-4313 -7332
6168 1149
942 6784
7508 -623
-1707 7473
-5038 8470
1748 9135
-2621 -8079
43 6778
1412 -3924
5298 -1979
-4707 -2237
-5037 -8391
5138 -5458
6767 859
-4055 -1529
-8674 5490
-5505 -648
-7872 -9727
-3663 8393
7558 -6070
4033 -1798
-5333 6722
8866 87
-627 172
-6801 4556
2760 -2646
-4348 -4001
-1812 -2820
6310 -2549
-1106 -8866
4132 6397
758 -4116
-6244 7550
9944 -9793
3890 -6459
-9920 9672
-5536 9450
8692 -2488
4749 2125
7543 -4872
-391 231
6606 654
-3901 -4053
-3678 9032
-2428 4270
-2143 -7980
7494 845
-3971 1595
157 4284
-5401 5147
-9526 -6128
8615 5955
-9957 -1357
-6513 7333
1665 -1272
-4493 3918
9507 4925
-6547 8515
7103 7440
6022 7951
-9632 9713
4730 6375
7827 8290
-2998 -577
5220 4658
9122 7717
6715 -2
3723 3099
-130 8781
-8468 6076
-3435 -7852
2032 -2123
7068 -2977
2734 -4410
9439 -8131
1758 3790
1454 -4942
-6606 1118
7237 -3235
-8651 5238
-4222 342
-653 4603
-6456 -5905
-6219 -9515
-1644 9419
-1884 7692
6715 6202
-6302 7405
-8217 -8526
-3309 -9400
-5801 2193
-4188 -4538
-7105 8144
-9452 7236
8143 -4133
-5443 -6033
-6023 -436
-6075 -3443
2213 9901
-5019 6562
5225 -3323
1343 -9804
9687 6268
4897 1960
-1544 -210
382 -3674
2789 2930
-1719 -9057
-7926 3372
-4298 -227
-6722 -3243
9924 -396
-2724 7117
4320 -1611
-5722 -7286
1322 -1167
5513 -6759
2128 -4332
3371 -713
-2167 -9935
-2800 -9957
1674 9610
6924 -9839
-2928 7273
-8317 1708
1176 -2161
5686 -7844
8560 -4799
-1554 4356
4804 -1025
1615 -600
4618 3870
9569 8356
-5801 -9754
5967 -6238
2524 -692
-6558 6873
-8753 1357
8633 -8468
-2094 -9450
9729 -9323
-7896 4605
8724 -3650
9389 -7124
5571 9199
-7534 1251
6407 -1617
-5504 7305
-6945 -2172
4097 4134
-4012 -240
-3201 -3665
7923 -8526
2599 -3464
257 6249
4314 -4060
9526 4371
6435 7306
6061 5185
-854 3808
2045 -3875
7207 2217
1151 9651
-1605 3832
-3053 4029
-8826 -8405
-7739 8909
6302 6857
-3307 1611
-7969 -5821
4450 5080
-2359 7669
-293 3439
-5074 -2764
1680 -3931
-7620 -1763
6579 -3823
-8263 -7065
8659 4753
1566 -2792
7529 -4108
7598 -9040
-6076 -5601
4484 -4354
-8881 -8395
-1334 7378
-5822 -9644
-2953 -976
-5785 -4904
1150 9757
-126 7978
-8548 5470
-6808 -3040
-8417 -1471
2052 6803
7074 255
-3599 8914
-1656 4617
427 -9016
-7386 6539
-2122 -7656
4432 3289
-7280 -4027
-499 -7642
-7696 -6881
1491 4287
5251 1444
6536 -6128
-8782 2642
-4919 -1813
4767 -9525
-4206 -5146
475 5150
1204 -982
-8468 -5020
-228 2433
-1041 -8724
-5926 3130
-6332 7387
-215 -917
-1456 -2151
5146 4313
2730 -1435
-4384 -9128
5305 -6048
-6618 5157
-9452 2009
6417 -8050
1975 -6777
6781 4679
7318 4266
2850 5288
-8336 -7588
-4851 2183
925 1616
-9505 -324
2814 -3813
-5876 -2621
-2458 3001
4493 2964
-4592 8184
447 6753
3460 -796
-4559 -8450
8438 8316
-1510 -3822
8170 -1718
6552 -3872
8610 -3673
-1976 9790
8708 7243
2039 3676
306 1596
3247 -4905
-4766 -27
6775 -4301
-3200 -810
-6948 4347
-2129 -8578
-2816 2724
-7289 -7827
-7441 -7846
-5211 -1968
3395 -4962
-2280 156
-4119 9357
1545 4410
2637 9683
-8473 -5896
148 -6867
1661 -3734
3887 -6304
65 -2609
-9216 -6622
-1532 -409
3770 3605
-7042 -6896
-1970 -4688
8191 6081
-6291 1166
2238 -2402
4714 -1649
-5723 4825
-1679 5361
2294 300
5276 -8775
2992 229
5064 633
-8903 9765
-3956 3345
249 -3805
5139 1386
-7347 5979
-3245 -7586
9699 6559
5637 -7278
713 -1086
3328 8306
-7941 -8243
-7064 7435
3738 -6664
-8112 -6830
5711 1769
7355 -748
-8893 -146
-5958 -2190
8524 5288
9042 -7674
582 -7771
3399 -5710
951 5155
-4869 6980
7012 -9072
-6658 4812
-9644 38
8143 1696
-7699 -7074
6059 6826
-3390 -7641
-4380 -8643
-3385 7765
-7195 -5603
-1086 2480
1042 1745
-9157 -147
5441 -4171
3899 9124
5961 275
-9689 -2973
-812 7527
-5051 -3940
3407 2993
9739 5348
6670 4112
2797 5036
2534 -2185
-546 -9837
3171 4794
-2644 -5052
4517 4024
2850 3408
3170 -4015
806 7281
9706 8004
-4899 -2842
8110 -9832
1927 -2218
-3986 -4760
3120 3440
5419 1014
-8308 -5607
8581 -1444
6770 281
-1213 -5251
97 1429
656 2609
1325 4014
9691 -2229
-5753 -9996
5756 4629
1183 7835
-9839 516
-2305 -5278
1060 -8587
4824 6605
6815 -2421
-8973 -3407
2060 -7430
1021 7909
-3883 4076
-6304 -7778
8460 -9995
-3695 9354
-9083 8267
7111 9237
1317 3671
3672 2128
-1786 415
-1031 7962
-8550 -6448
-7457 806
8180 -2086
8846 9358
-917 -2088
-20 -598
-5563 6649
-4973 9194
4742 7786
3141 -6327
5580 -1390
2598 -1521
-8595 -2283
-7005 9676
7948 5770
-7223 -9856
-2094 -7244
9285 -1429
-352 -9808
-6496 -8030
3572 -8301
-3272 -2321
-4168 -9597
-8727 5766
4129 6581
2492 -2219
5217 4006
4222 -7202
-1147 -1585
-5107 -3324
-2145 6550
-3538 5478
8961 9191
3365 -1011
4167 6647
-6326 5279
7263 -9890
-337 2219
5205 -2660
-65 6927
-939 6086
334 9047
-5818 3718
-4193 8824
-5701 -3525
-9583 5892
9245 6784
-2323 9730
-9043 -7920
8415 7713
-2505 3574
-1664 -8307
9704 8388
-7508 9065
-9735 3521
8820 9228
-211 -4943
7953 1405
9641 1074
1494 4745
-3800 1670
-4067 -3356
6233 4567
-5612 -9768
8057 -286
3377 -3046
8205 1332
-3216 -4815
-1744 834
-5762 -9179
1540 -930
-3949 781
-5624 -8684
1947 -4650
1571 3465
5731 316
-9177 2835
3117 4822
-4248 -7946
-5126 5881
2227 -556
-7494 5493
-2321 4344
-1374 1289
8094 817
-767 -3344
-7636 8175
-9936 1262
8701 1744
4229 -2059
-7236 2343
-6718 -3147
-7754 7869
-1042 2871
7546 -4536
-2274 7130
-6749 7682
5372 -1334
116 1092
-6219 -2897
2201 766
-2878 -7702
-1109 9085
9608 1909
6449 2287
2024 2798
-1178 -6777
9225 -2766
2363 3731
5761 -195
-5830 -4923
-8151 -4001
-1275 9905
-3146 8377
2524 4123
-7519 -8714
-8623 -7828
-7134 42
80 -5889
3739 5521
9125 -2050
7866 -9897
8162 -4317
-1056 5900
-9123 -3555
1138 1197
-9007 5237
-3542 6070
-5945 651
7145 -6911
4726 -9954


3 10
17 11 -711
-17 15 185
4 18 -421
0 20
3 83
16 95
47 98
100 91
98 44
93 14
86 1
36 0
11 1