1000
182 1 40
67 45 1471
8 1136 8323
2 387 390
25 124 3068
659 6 558
5 251 1241
973 4 2619
42 121 4429
5 313 1238
14 179 2063
3262 3 9159
3 5 2
62 145 6867
4939 2 9041
204 15 3016
2 3283 4906
2 4691 5796
51 101 4595
50 179 7469
35 266 9059
3112 3 6882
3 227 653
11 439 3329
668 8 197
10 193 1100
312 6 215
6 1477 6553
427 17 6129
2482 4 5341
3 1277 2743
22 19 101
5 967 3321
18 398 3208
3 2647 6334
197 18 942
7 694 2798
2423 3 5517
127 69 1403
2 3711 5755
62 107 4957
59 153 6036
2 124 15
29 124 3477
109 3 293
2 2111 2119
45 201 7421
137 2 257
4 3 12
23 329 5919
2564 2 3801
370 23 6197
75 9 549
7 179 1061
2 4931 5594
11 205 1611
1360 7 5763
39 245 6220
27 12 196
669 13 2115
5 1745 4392
701 8 4445
486 5 1077
1789 5 4615
2 1924 3342
3241 3 5984
20 206 3573
3 621 306
1501 3 3847
2420 2 4011
461 6 1386
2 4747 6915
11 8 88
2 4729 7457
2 2057 3275
1 2819 1037
5 517 2370
107 79 7631
8 38 79
2 1383 1491
31 68 1101
10 821 1332
1 10000 5001
10 266 467
2797 2 2554
7 202 924
1 6135 290
3 2437 4437
168 46 4522
1 10000 0
3 1859 3180
82 94 6236
51 54 2620
3 5 9
257 29 5505
494 11 3797
2309 1 2042
4198 2 6918
2 2836 239
225 19 3651
25 51 177
7 31 132
8 377 2384
35 14 406
1082 3 1985
18 541 7825
16 93 922
116 43 3156
2159 2 3954
7 1174 4997
1198 7 4219
11 477 3258
5 3 9
221 25 4267
5 194 549
50 196 9402
9999 1 1
35 138 3914
677 2 1090
337 4 743
5 1889 9278
13 301 2239
3 1589 3122
96 8 630
3118 3 9069
3 5 6
45 43 1764
2078 3 6088
5 1114 980
1 1 1
38 89 1926
175 17 2966
539 5 2498
363 27 7540
2 1718 2229
2 373 552
19 397 7077
8 1157 9028
1406 6 6343
992 2 586
7 977 4719
956 8 5497
35 51 104
5 3 10
159 59 6971
34 278 5105
54 179 6667
14 416 4344
9071 1 6094
526 17 6403
1493 2 1994
2 3865 5374
1 9374 283
3 2353 4168
1 2035 566
326 29 5887
27 8 126
3 1377 3229
2 203 385
3423 2 4884
651 9 5069
105 11 584
907 9 4813
19 109 1817
224 18 2868
3 321 938
2 4426 5442
321 23 5681
5 379 1756
30 111 1296
15 237 2376
56 8 270
4 38 123
19 211 2635
226 7 869
12 268 2256
123 53 1852
2377 3 6426
191 37 4408
115 58 3365
37 133 3049
282 12 3368
6524 1 6334
2 3867 471
3647 2 4937
2 1520 2688
5 3 5
475 21 5786
16 461 259
1 421 392
2 2932 5267
1406 2 1961
1363 2 2144
13 755 6894
28 183 3165
1406 7 6848
3079 3 4650
418 14 3013
29 37 903
1657 5 7979
505 13 53
4 2159 6198
17 82 1015
266 10 2623
2 3534 5631
3 1348 234
981 3 1596
844 2 1195
278 29 5303
3 443 680
4 166 492
5 1563 7318
47 29 995
6 1031 5639
1301 5 775
318 17 4555
701 7 4402
569 11 483
6 72 244
139 25 1925
2 2234 4421
27 281 4888
50 69 2362
11 145 886
9 181 1246
77 65 4667
4 1373 3888
25 202 195
4 407 790
2 4306 7379
79 46 3343
11 17 142
788 4 1708
10000 1 4999
155 61 9277
52 137 4720
363 23 6847
5 3 3
14 101 883
10 854 870
723 6 321
1 3051 2121
379 18 6543
23 5 58
1 6260 1442
2 2399 2497
892 5 3969
1229 2 2356
255 28 4662
23 345 2443
1 10000 5000
59 13 509
1909 5 7924
39 3 36
349 3 103
3191 2 5974
100 100 5000
6 1324 4741
757 8 5770
2 769 456
169 7 1068
2 83 144
2 4408 8154
13 511 4515
13 127 1341
11 396 2096
13 569 6217
31 164 2122
325 13 2798
1585 5 5072
4353 2 5712
3 5 15
6 932 3458
51 165 5324
1 9 6
5 431 1848
1 12 3
5 997 966
31 63 1876
1306 7 6559
44 191 7910
3 5 0
17 127 1992
6 57 218
325 30 2412
5 860 3744
2497 4 5192
54 3 153
3 1631 2556
104 58 5761
5 3 8
898 3 1665
8 637 954
1217 2 2426
4 346 1195
2 453 844
79 93 316
7670 1 5514
224 44 7590
2027 4 3099
47 103 2592
1205 7 3429
1469 3 1196
40 124 615
1 9999 1
1 449 121
47 47 766
497 19 7496
1759 3 4747
6943 1 4296
100 100 5001
121 62 94
3290 3 3094
103 25 1904
1 1961 1542
17 88 1485
341 11 3509
43 122 3331
829 7 4595
7 1002 4825
37 251 7718
3 929 1989
3 5 12
772 8 4176
2 2522 3707
2915 2 4248
2 4714 7890
32 58 1010
4 1223 3534
10 830 6112
39 250 5432
72 112 7044
5996 1 5421
69 105 6377
3 1862 2016
5 3 1
41 194 569
1349 3 485
449 18 4524
2 2414 78
269 3 750
2 1113 537
84 22 1640
1 7851 5315
128 43 1548
1339 5 4548
438 1 134
2 1341 2061
5 139 574
2 4915 6443
1526 3 3920
1421 4 4827
8 442 1213
137 34 2626
1021 4 3662
865 11 8657
2 3464 4067
32 281 5940
3083 2 2960
314 4 1025
2 237 266
31 15 83
74 32 2281
494 11 4743
345 17 3788
17 23 159
107 60 4461
516 2 977
25 282 4628
6597 1 6162
2 3908 5424
1248 4 3553
3 394 708
7 374 2122
124 11 775
7 1251 5378
20 299 3285
8 633 3064
13 119 694
15 43 502
4 1954 5090
898 4 2883
3958 2 2560
109 54 3220
3 2365 4809
3323 2 6135
656 2 849
241 11 219
127 50 4766
5 3 7
4 202 390
45 143 4269
5 85 353
4 2494 5026
7685 1 1802
1844 2 1752
42 219 7313
10000 1 5001
3648 1 3211
1085 6 5769
1009 7 3705
191 2 204
10 244 350
69 7 319
100 100 0
2 4958 5541
991 5 2661
11 143 1443
802 6 2801
1422 3 4190
1129 5 5102
7 1393 7919
7 47 288
3 3153 7360
4583 2 7105
5 3 12
5 1228 3217
22 389 4268
2232 2 2789
3 108 268
140 18 2259
334 7 2257
5 3 13
17 109 1006
3 2201 4367
2 2012 3480
2 4829 8984
4 312 1131
100 33 872
815 8 4009
20 344 6027
170 15 606
146 30 4289
56 120 4579
2 3007 3890
87 71 5366
3372 2 4016
351 13 4230
262 17 3724
10 626 3693
1 9999 4998
1078 5 2180
2 3779 7260
151 33 4105
2090 4 5714
9999 1 5000
5 35 162
59 161 5887
1 4789 3442
43 109 322
45 17 676
7 1400 9208
5 806 3007
87 41 3120
10 41 235
28 149 3732
3 3246 7923
398 18 7089
2361 4 5775
3 2347 4009
263 22 3291
42 91 2420
2287 2 4203
33 88 950
2180 4 4962
35 23 661
677 7 273
3992 2 4447
15 163 1743
3 1602 900
373 26 8427
13 484 6108
8963 1 7356
619 15 4954
1123 4 4485
273 22 532
395 11 3723
16 503 4809
520 11 5004
18 483 8150
97 58 4583
331 29 5573
269 17 318
31 141 2715
59 107 3709
61 48 1849
5296 1 3857
3 2439 5418
201 29 4441
3 5 10
5 269 1276
229 19 3836
3 5 11
11 315 3304
5 1918 5905
29 149 4207
39 31 800
288 7 1617
550 16 8558
438 20 8709
266 4 698
230 11 1931
4687 2 7251
965 7 3488
3 296 855
52 49 1674
25 242 3618
207 20 3511
3 2767 4872
5 3 15
2 287 235
8225 1 5114
156 7 571
41 26 617
4 1918 6902
6 752 3155
17 373 5599
173 35 4173
53 3 152
4 2223 8817
1 980 568
3 491 810
1291 5 4304
13 319 2873
3 2363 5679
4 1657 5995
1 9999 9999
9 411 2137
1467 6 6271
339 28 9390
27 117 2428
257 17 2982
313 20 5860
91 2 96
1038 7 6028
68 97 1818
4285 1 3125
3 1183 2982
283 7 1082
64 127 111
3 2977 7140
37 2 64
431 2 533
545 11 4333
1525 5 4189
353 23 5768
19 484 5139
17 335 4377
16 554 7469
43 98 1956
866 2 1401
46 2 80
17 385 4503
5 347 1230
37 135 3603
10 94 835
37 229 1186
3123 3 7474
417 6 1397
3 1713 4550
22 39 823
230 34 4468
103 27 744
11 795 6540
1150 2 1280
98 97 7439
7 422 2942
598 16 9565
168 21 137
17 471 5979
31 257 5903
2455 4 8852
10000 1 0
7 101 616
2 4253 209
2 3572 513
11 863 6402
15 517 3659
422 13 4777
65 25 1061
3083 2 5503
137 29 2955
1 10000 1
4201 2 6658
116 17 1877
2596 2 4134
16 617 3272
46 8 315
23 430 5296
134 27 214
935 10 8321
334 1 311
2 4011 6272
5251 1 2567
1841 5 7148
1 1661 971
100 100 10000
1817 5 7610
1777 4 5747
15 629 6688
445 22 5897
2 2995 4936
42 102 3192
4 344 1164
2 2951 5181
1753 5 6235
55 5 254
3 5 5
519 11 1315
10 454 3324
100 36 2352
33 211 4503
722 5 414
2989 1 1708
2 2089 2577
21 77 1613
8655 1 7032
1417 5 6193
1 8765 7428
3 1174 3176
2 2683 4109
17 509 7617
70 27 1018
491 6 2946
2 1179 2049
68 105 4379
29 120 3214
7 1086 3849
28 101 2245
2 2488 2544
4 1640 2884
4341 2 6900
47 79 780
23 89 1197
70 53 2268
59 73 4259
3 1237 2537
55 111 3930
16 92 961
947 5 2435
83 4 330
97 2 115
3 1297 265
15 340 45
3 823 1927
3 2253 6698
123 3 358
9999 1 9999
154 41 5122
1 7183 6611
1130 5 4298
8 57 41
1 8177 7848
81 70 3657
184 27 4958
281 17 4732
2167 3 5023
78 35 472
3 2617 4808
3734 2 7111
38 52 1500
1949 5 5848
347 22 5081
115 51 5475
2 1739 1653
2 3093 5329
14 271 2801
75 31 1619
3 2741 1224
637 13 4761
3 4 12
1234 4 1942
21 81 1145
13 137 1182
3 5 8
4 509 1122
3 1471 4052
4258 2 5715
153 29 8
47 153 5070
2271 2 2313
3 1297 75
3 5 13
4 223 496
1 1 0
67 57 3470
3 5 14
89 61 4938
6 448 1957
551 11 3559
59 73 1470
15 496 4811
14 43 342
6734 1 5750
62 147 8035
1249 3 3032
48 42 1280
87 69 3847
694 1 474
5 3 6
9 1 6
862 7 5651
5 1813 7730
2 53 54
661 5 1589
131 67 5163
7 6 30
31 79 2008
5 3 14
5 283 870
3293 2 509
1655 5 8094
12 754 743
823 3 2016
293 22 5330
3 521 1376
715 13 4838
9999 1 4999
214 2 148
505 11 1206
158 13 1929
3 3067 4682
10000 1 1
2 2271 1674
667 3 1588
10 526 2682
2607 2 1185
1 470 303
1 328 301
157 4 479
269 25 6248
673 7 3664
3 223 582
18 437 2824
1 4691 3425
121 61 541
4 1154 2618
10 30 223
1 5240 3690
13 233 1650
3 255 440
4 1366 367
4 2261 7641
463 17 267
3611 1 837
5 3 11
3 5 4
155 2 131
9514 1 7733
18 476 5320
8 972 5864
1283 7 120
3 3170 7224
521 16 7516
293 12 2651
328 22 700
3 2885 2818
117 67 7631
3 5 3
1 2347 1863
1 9999 5000
28 167 4314
2 3537 6236
9999 1 0
55 80 2218
1574 2 1912
83 68 4514
5 3 4
133 7 3
2 3209 4092
1867 5 7187
222 3 140
3409 2 4783
4864 2 6776
9 389 2840
193 3 402
807 5 3726
27 8 113
81 49 2573
2 2473 3862
6 686 1806
25 130 2271
1781 5 8236
12 218 7
1252 7 6173
405 6 1645
6678 1 6639
9 601 5002
83 57 2467
163 43 5478
43 41 128
5 3 0
3 215 598
9817 1 8873
23 59 1086
15 467 2675
283 6 1550
13 515 2603
31 127 2109
35 103 2774
2 582 985
453 16 3647
134 61 799
11 116 758
1401 7 801
20 147 2797
131 4 308
103 71 3798
2 2524 5020
4 307 727
2857 3 5472
4580 2 6256
171 53 7521
27 43 900
78 7 265
787 6 685
3 955 1556
201 26 3171
348 26 3722
10 3 26
10 219 1297
16 452 2858
181 13 1661
23 234 3280
9 9 49
2 3284 6462
49 158 7551
19 87 1422
100 100 1
2305 3 4714
3 908 2246
2 1624 1876
3 5 1
50 100 4556
197 50 9199
98 38 1618
2957 2 4235
178 37 1193
73 23 943
5 3 2
5 544 1550
14 373 4608
1 9999 0
152 2 70
169 13 895
7 1396 8431
24 19 298
2993 2 2535
2616 2 3066
2 2876 3066
57 133 7490
2221 3 3442
12 276 3253
2 1094 1901
4 24 79
4432 2 5826
2 3261 1321
109 67 3986
239 12 2536
3159 3 7019
6631 1 5983
31 201 5677
2 2432 4170
1775 3 2798
3 2311 2028
3 5 7
167 7 952
643 3 1581
6 529 1620
359 26 7905
2087 2 2054
77 127 7557
150 7 924
39 43 621
2017 2 3530
277 23 4548
1 7097 4510
938 9 6359
9 723 5723
6 356 1510
21 269 3841
1 10000 4999
1 10000 10000
165 34 4268
11 4 32
8 668 4411
74 5 368
9055 1 942
2 927 1260
10 419 3968
10000 1 10000
1495 2 174
32 103 842
4 2014 1571
2389 1 460
1753 5 4453
2 490 23
9999 1 4998
658 5 2349
73 33 2096
3 778 954
100 100 4999
283 21 4776
467 2 739
38 217 4769
157 11 1304
5 295 53
421 7 2216
58 148 1591
2 443 246
1307 7 6537
1665 5 6046
424 12 4121
921 7 2788
52 148 3378
8 331 1946
7 285 1656
53 131 5359
6 506 2757
517 15 6964
5 1846 4800
47 175 6515
25 320 6651
9 413 2795
1994 2 3837
5 711 2400
751 10 2245
24 213 4692
11 775 5364
781 12 8332
1165 8 6746
19 326 4805
7 779 4103
737 2 1359
1253 5 2588
5 1646 343
353 26 7101
9 734 4530
8643 1 7466
138 20 2182
38 97 3322
308 11 3143
4285 2 7908
25 355 7047
8 254 682
2 4549 8731
9 947 8397
894 4 1312
2829 3 584
133 27 800
2 2859 44
3 84 177
494 17 418
8 127 914
65 149 7098
5 537 2146
431 18 4162
12 36 125
6 469 2776
37 262 481
739 10 5781
85 61 4186
309 18 344
67 23 827
98 11 664
197 38 1878
451 16 5081
5 709 981
1373 5 5571
221 1 194
2 3750 6612
427 16 4632
1187 3 2253
3 498 736
1858 3 1745
4813 2 6634
8 857 4037
1 9999 4999
57 175 7097
10000 1 5000
73 62 4485
4737 2 5259
541 5 1506
9 453 2301
1523 6 8898
51 6 180
4 529 1642
5 1373 5948
33 72 1949
2 2073 9
17 441 5767
6 432 1274
6 517 1815
145 61 5240
8 934 5865
7 73 267
15 457 3471
2061 3 4562
95 14 872
17 251 581
