29
6 1 2 10 10 5 6 5 4 2 2 1 7 9 7 4 5 3 2 8 6 3 8 8 1 7 7 8 3
50
1 110 4 12 24 26 28
2 102 6 21 29
3 93 4 12 16 17 21
4 92 2 13 16 23 26
5 104 2 4 10 16 22
6 97 1 4 5
7 106 18 21 22
8 107 20 21 28
9 102 1 9 14 22
10 106 9 11 25
11 113 2 10 12 18 29
12 110 2 4 6 10 21 29
13 93 2 13 16
14 102 7 9 12 15 24
15 112 1 6 16 22 26 29
16 115 2 8 24
17 115 2 16 20 27 28
18 106 5 7 9 11 14
19 114 1 2 17 26 27
20 117 2 12 17 25
21 119 2 4 11 18 26
22 100 6 17 29
23 98 1 2 7 18
24 114 6 8 12 20 21 29
25 109 11 24 28
26 114 1 5 6 9 19
27 109 7 10 22
28 108 3 10 11 27 28
29 113 5 6 10 12 16
30 107 5 11 15 20 23
31 97 1 11 16
32 112 4 5 12 22
33 106 6 8 27
34 118 14 18 19 27
35 113 3 7 8 14 25
36 100 3 4 9 11 12
37 115 3 5 22 24 28 29
38 91 12 16 29
39 104 9 10 12 13 24
40 107 8 11 13 22 29
41 92 2 11 18 20 22 28
42 102 2 4 11 12
43 114 4 5 6 16 23
44 101 9 13 17 28
45 116 7 8 12 13 16 29
46 116 6 19 20 25
47 97 1 6 7 26 29
48 92 7 8 10 12 19
49 110 2 22 23
50 119 16 17
50
1 20 24 31 23 38 33 9 10 25 21 33 46 41 30 10 49 45 19
2 7 33 16 38
3 2 14 20 22 24 30 7 45 3 40 17 42 24 27 2 48 47 36 46
4 17 7 38 12 26 11
5 8 29 7 34 30 21 5 2 46 35 10 40 39 1 8 31 25
6 34 24 33 19 21 22 35 28 12 48 3 22
7 12 50 24 47 32 46 2 33 41 36 44
8 24 47 39 6 23 25 39 46
9 9 17 31
10 46 42 43 50 16 10 11 17
11 7 48 30 8 32 22 45 26 3 21 24 43 26 46 18
12 43 27 25 11 7
13 6 1 15 5 16 26 17 32 10 24 32 39
14 13 10 30 40 14 2 13
15 29 8 25 45 3 3 22 13 10 43 19 12 9 23 27 34 40
16 43 15 41 33 49 6 44 30 45 9 31 10 17 10 19 43 4 21 46
17 34 7 22 2 20 30 26 48 16 17 7 10 33 50 43 34 7 38 13 1
18 44 12 15 5 31 7 10 3 4 37 36
19 8 39 31 37 17 28 4 35 37 14
20 36 6 3 44 45
21 44 41 10 8 5
22 38 14 24 40 19 10 28 31 19 18 11 7 34 41 11 19
23 24 38 14 31 40 7 25 6 2 18 16 9 22
24 48 37 4 40 6 15 17 36 33 34 48 42 18
25 2 38 14 27 25 29 7 16 35 33 21
26 50 36 45 22 17 43 10 22 32 15
27 50 2 21 35 50 12 4 39 15 41 5 41
28 33 49 32 18 32 3 6 31 38 2
29 6 44 14 30 27 30 16 28 32 38 13 33 2 16 21 16
30 27 9
31 10 9 7 29 40 9 34 23 48 35
32 6 31 41
33 9 21 2 37 4 39 1 36 42 18 8 10 26 35 20
34 44 28 7 24 18 17 7 40 16 43 17 21 25 8 5 34 30 8 22
35 49 24 20 40 41 27 1
36 11 20 17 6 48 25 29 15 41
37 6 6
38 22 29 6 31 35 41
39 43 14 44 41 37 13 32 28 40 33 46 2 2
40 8 49 38 38 15 30
41 22 37 10 46 15 17 26 50 8 38 44
42 31 36 10 44 17 37 33 1 34 36 3 47 45 3 34 35 20
43 11 41 49 22 36 16 38 12 17 45 1 10
44 31 45 27 24 13 15 8 14 48
45 18 46 40
46 29 24 39 43 36 32 43 7 17 10 45 30 26 41 30 35 10 11
47 36 36 44 2 46 9 49 41
48 44 30 47 24 4 36 18 39 19 11
49 35 22 42 17 48 32 46 34 42 8 15 29 46 10
50 41 20 31 31 45 27
