81
7 1 8 2 1 1 2 3 7 6 8 5 1 7 8 6 2 1 8 1 8 5 7 2 6 8 2 2 8 2 1 6 2 1 7 2 1 8 5 7 5 4 4 6 3 3 3 4 4 2 4 3 6 2 4 3 1 5 4 8 6 4 5 8 4 3 1 4 3 5 3 7 1 6 4 3 8 6 6 3 7
700
1 255 10 32 79
2 334 66 71
3 405 15 32 58 59 81
4 329 10 43 48
5 272 63
6 408 4 35 45
7 337 10 44 61 71
8 434 26
9 341 4
10 273 3 12
11 418 10 49 56 60
12 425 54 77
13 254 78
14 374 3 58 60 61
15 292 24 30 38 69
16 478 24
17 423 4 28 32 50 80
18 386 6 31 58
19 402 27 79
20 271 4 11 17 36
21 395 19 25 34 41 44
22 448 15 25 43 66
23 352 61 72
24 459 1
25 269 5 65 81
26 426 22 45 56 73 78
27 369 5 14 23 31 38
28 326 20 71
29 298 3 5 46 74
30 450 6 34 47 68
31 210 50
32 486 6
33 437 29
34 208 9
35 387 17 45 72 80
36 210 1 16 19 20 49
37 456 5 56 57
38 210 17 22 33
39 339 17 31 66 78 79
40 499 3 13 24 53
41 450 26 61
42 292 8 19 26 76
43 473 14 30 33 45 77
44 241 13 15 28 29 63
45 367 1 42 54
46 460 30 44
47 265 12 31 61
48 258 10 11 60
49 266 15 21 76
50 237 39
51 494 53
52 432 51
53 455 21 37 50 74
54 455 8 19 39 69
55 308 6 7 10 30 33
56 399 14 24
57 276 7 65 77
58 325 32 43 59 81
59 358 23 28 33 36 67
60 268 20 81
61 203 29 30 36 59 61
62 299 5
63 371 49
64 468 55
65 270 5 32 78
66 287 11 14 30
67 452 44 63
68 462 10 16
69 307 25 34 48 78 80
70 398 21 31
71 267 17
72 371 15 36 44
73 236 68
74 290 16 17 52 56 72
75 208 2 81
76 316 19 33 51
77 283 18 22 27 59 64
78 479 6 47
79 470 48
80 238 45
81 350 10 62
82 252 9 48
83 242 48 64 78 80
84 405 37 54
85 378 2 41 54 61 80
86 464 9
87 297 7 51
88 237 9 17 26
89 478 31 60
90 425 28
91 383 16 17 54 78
92 447 7 31 47
93 302 19 22 28
94 319 49
95 270 9 45 60
96 208 23 53 54 64
97 432 23 28 53
98 470 4 33 57 63 81
99 222 55
100 222 21 34 40 49
101 477 12 48 52 56
102 295 17 28 34 46 54
103 467 33 61
104 304 11 54
105 358 20 30 52
106 430 72
107 467 35 42
108 456 10 66
109 500 1 5 27 65 76
110 288 31 40 63
111 432 49 65
112 438 11 35 52 62 69
113 306 20 21 41 46
114 485 29
115 281 69
116 478 10 39
117 390 12
118 228 60 66 68 75 77
119 354 33 74
120 300 2 48
121 309 11 13 27 69 80
122 251 27 43 65
123 304 37 44
124 292 63 78
125 230 51 76
126 271 7 73 79
127 425 3 38 49 70
128 223 8 30 60 64
129 416 34 39 65
130 257 31 34 41 43
131 464 24 42
132 452 25 54 56 60
133 307 19 41 48 58 73
134 459 17 62 81
135 311 20
136 472 41
137 487 24 36
138 444 31 76 81
139 428 7 23 47 67
140 241 18 31 43
141 364 11 25 68
142 369 7 15
143 269 10 27 28 41
144 217 12 67
145 298 7 11 16 59
146 379 47
147 308 14 26 30 80
148 312 6 27
149 258 15 50 51 55
150 324 23 31 51 58 74
151 228 80
152 237 36 39 54 61 71
153 216 7 65 77
154 453 25 30 64 81
155 465 15
156 351 20 25 47 70
157 254 35
158 366 10 57
159 310 26 48 54 58 63
160 206 34 38 71 73
161 406 1 41 46 79
162 418 7 26 61 70
163 465 53 57 59 68 77
164 378 24 35 43 61 80
165 500 21 26 73
166 341 50
167 496 15 42 52 68 78
168 440 4 16 48
169 257 6
170 404 17 27 44 60
171 385 19 47 64 72
172 299 3 5 18 31 74
173 474 34 35 51 63
174 211 65
175 296 8 39 56 73
176 441 13 33
177 351 10 16 35 45 59
178 464 10 25 27 30 61
179 337 39 46 71 72
180 287 5 48 52
181 292 28 42 68
182 312 59 61 76 81
183 254 12 65
184 247 12 48 63 74
185 393 19 24 39 63 80
186 282 15 76 81
187 404 6 25 56 78
188 466 25 26 29 65 81
189 294 20 67 68 75
190 410 53
191 392 4 81
192 289 4 5 17 62
193 457 34 60
194 307 24 26 50 81
195 343 36
196 328 38
197 270 73
198 471 13 32
199 391 58 73 77
200 385 12 58 79
201 366 30 59 79
202 310 13 80
203 296 6 46 54
204 345 39 58 60 81
205 451 9 39 64
206 427 5 20 26 64 72
207 302 4
208 335 77
209 467 21 27 41
210 251 1 28 54 77
211 285 40
212 442 74
213 467 14 25 61 76 79
214 429 9 21 35 80
215 327 23 47 48
216 390 3 30 52 58 79
217 479 44 48 55 58 78
218 461 27 30 76
219 474 37 39 41 77
220 312 1 4 26 31 78
221 207 16 36 73 77
222 216 24 29 32 37
223 203 3 58 72 74 80
224 318 10 23 66
225 241 57 61 66 73
226 477 17 69 78
227 446 9 44 46
228 380 38 67
229 227 6 32 49 50
230 218 2 6 16 37 51
231 320 38 48 54 60 80
232 245 2 12 44
233 357 21
234 323 9 44
235 459 15 27
236 203 22 32 33 60
237 423 11 17 54
238 276 16 57 81
239 268 12 76 77
240 294 24 42 52 64
241 410 11 45 51 73
242 334 34
243 387 18 24 38
244 216 27 36 42 76 79
245 271 51 58 71
246 467 31
247 341 4 11 12 19 81
248 490 25 49
249 365 45 60 64 68
250 226 16 19 31 50 65
251 497 28 32 42 66
252 238 39 69
253 448 3 21 35 36 70
254 294 51 79
255 406 54
256 325 59 60 67 80
257 358 8 18 41 62 64
258 420 34 40 73 80
259 422 30 38
260 408 5 19 39 58 65
261 369 6 20 51 70
262 333 4 20 50 71 74
263 284 10 24 45 49 72
264 406 14
265 384 21 25 64 65
266 221 37
267 411 45 58 75
268 497 27 58 75
269 323 13 16 57
270 373 1 27 34 48
271 378 79
272 293 10 27 81
273 356 41 42 80
274 228 9 41 70
275 346 3 60 78
276 219 4 13 14 25 57
277 209 4 27 41 55 68
278 424 8 27 61
279 423 11
280 492 79
281 210 29 42 45
282 384 8
283 271 8 11 26 28 51
284 227 26 65
285 421 69 75
286 372 4 7 14
287 245 14 25 51 74
288 282 9 10 37 80
289 375 33 37 57 81
290 428 4
291 496 55
292 434 25
293 497 1 28 33 56 73
294 247 41 78
295 385 57 76 81
296 424 2 23
297 500 3 11 38 40 42
298 463 71
299 437 8 41
300 363 31
301 287 1 52
302 353 3 12 33 46 73
303 397 3
304 483 11 30
305 495 9 24 59
306 490 65 68
307 203 58
308 444 56
309 479 13 22
310 368 60 72
311 427 13 47 62 63
312 405 6 10 32 34 59
313 347 19 27 59
314 394 20 36 48
315 305 23 27 35 65
316 339 35 51
317 239 32 53 75
318 424 43 61
319 376 1 4 33 59
320 456 6
321 214 51 61
322 309 46
323 267 56
324 217 37 66 70
325 390 46 50 65
326 256 33 43
327 374 8 46 63
328 491 9 71
329 277 15 34
330 253 1 27
331 390 14 38 70 81
332 422 6 35 69 71
333 283 16 49
334 263 44 67
335 450 9 43 68 70
336 329 29 36 66 68
337 362 12 14 45 76
338 481 32 46 77
339 388 14 27
340 424 33 53
341 229 2 19
342 342 26 45
343 389 50 81
344 424 20
345 414 8 22 25 54 66
346 496 1 8 41 49 58
347 216 55
348 431 1 56
349 461 27 80
350 258 46 75
351 461 2 36 39
352 373 8 49 72
353 222 1 18 33 64
354 200 11 29 36 72
355 499 9 47 77
356 436 11 29 58 79
357 352 56
358 431 15 44
359 307 29 30 64
360 354 13
361 478 41 54 59
362 273 32 51 74
363 465 51
364 293 8 13 20 39 40
365 395 11 62 69
366 334 51 68
367 487 38 47 59 66 72
368 427 3 8
369 257 20 35 36
370 316 2 27 43 67
371 300 7 13 22
372 283 4 43 48 51 53
373 277 30
374 392 39 44 80
375 214 9 34 42 78
376 354 11 12 25
377 344 5 54 58
378 486 78
379 328 7
380 482 22
381 379 20 28 29 45 60
382 275 11 80
383 270 3 14 44 72
384 272 17
385 379 9 20 23 56 67
386 383 51
387 389 4 41 64 67
388 329 5 14 43 75
389 326 10 26 31 46 76
390 299 8 24 28 42 71
391 215 2 45 60
392 331 78
393 328 4 21 43 69 70
394 365 11 31 52 77
395 294 37 57
396 376 71
397 410 17 21 39 55 70
398 236 25
399 454 1 36 41 48
400 306 13 62
401 396 4 50
402 208 16 22 32 68 79
403 301 26 46 58
404 500 24 37
405 256 26 54 61
406 215 20 21 25 50 77
407 200 25 66
408 328 30 55
409 362 1 6 12 38
410 483 61 77
411 236 72
412 377 11 48
413 310 5 14 44 61 79
414 374 11 29 39 47
415 421 9 17 23 37 57
416 293 26 32 37 70
417 316 10 36 46
418 298 13 16 47 58 64
419 337 1 28 45
420 344 4
421 295 80
422 414 60
423 405 49
424 322 11 38
425 382 42 54
426 471 11 25 68
427 464 4 7 17 30 71
428 262 40 50 57
429 459 28 34 38
430 234 31 67 71
431 315 29 44
432 342 6 40 52 53
433 326 16
434 297 6 17
435 437 49 72 73
436 306 4 26 61 65
437 500 6 19 30 46 78
438 224 43 45 49 81
439 460 6 35 80
440 419 5
441 401 45
442 459 30 31 63 66
443 434 8 18 65
444 335 2 4 63
445 406 24
446 470 9 48 62
447 445 39 53 80
448 350 23 46
449 201 6 59 62
450 432 38 70 74 79
451 286 75
452 418 25 44
453 456 15 26 54 63
454 438 8 54
455 288 23 38 40 41 60
456 455 78
457 494 46 66
458 250 24 27 37 38
459 383 77
460 269 38 48 79 81
461 253 53 59
462 207 58 63 76 77
463 248 23 75
464 416 1 8 30 48 51
465 201 13 79
466 436 32 45 78
467 283 26 29 72
468 322 9 13 48 67 71
469 295 7 66
470 351 30 34 63 69
471 416 23 65
472 270 32 36 75
473 468 37 48
474 286 36 61 81
475 205 5 14 57 63 75
476 337 15 31 62 70 78
477 240 17 37 51 60 71
478 404 21 36 58 65
479 399 21 44 66
480 287 11 37 45
481 415 2 7 58 64 66
482 437 20 70 74
483 376 8 34 81
484 434 69 71 72 81
485 319 7 13 34 59 65
486 252 71
487 289 8 14 15 24 39
488 342 44
489 391 5 33 64
490 305 29 38 58 69 76
491 481 12 22 25 29 49
492 353 16
493 234 13 75
494 259 68
495 324 11 23 31 33 55
496 230 64
497 369 30 37 46 50 53
498 435 5 14 75
499 425 4 42
500 414 6 19 24 77
501 351 13 16 51 70
502 476 4 25 75
503 236 46
504 344 14 23 38 44
505 444 22 57 60 69
506 272 9 34
507 339 30
508 395 15 19 44 72 80
509 481 3 34 52 72
510 203 5 38 58 67
511 299 1 76
512 241 46 59 62 68
513 399 16 31 40 51 80
514 412 48
515 241 46 77 78 80
516 315 13 43
517 240 16 21 47 53 58
518 230 3
519 307 33
520 453 3 35 76
521 271 9 23 25 33
522 424 3 5 6 43 71
523 450 4 17 26 49
524 231 32 38 67
525 220 10 11 59
526 433 2 17 62 64
527 217 22 56
528 487 29
529 347 33 36 37 80
530 489 24 27
531 421 47 55
532 230 10 21
533 292 58 66
534 436 46 47 76 81
535 384 57
536 399 22 29 31
537 362 7 31 45 61 79
538 314 5 6 20 51 74
539 390 14 26 44
540 441 11 25 71 80
541 329 68
542 479 71
543 245 23 32 35 37 69
544 460 32 43 51 60 78
545 209 49 68
546 479 21 49
547 450 6 14 34 71
548 289 72
549 468 2 15
550 390 40 56 66
551 362 27 30 33 40
552 254 12 37 45 65 78
553 359 26
554 284 5 35 46 52 73
555 213 32 41 60 67
556 408 31 68 77
557 296 6 13
558 386 30
559 249 11 58 75
560 431 2 10 44
561 242 4 36 62 65 76
562 438 11 38 60 74
563 316 10 18 42 54
564 482 7 58 74
565 200 43 52 79
566 383 4
567 357 27 39 48 59
568 386 16
569 254 14 20 61
570 463 8
571 393 13 22 36 75 77
572 307 22 27 29 45 64
573 455 6 24
574 227 3 24 36 61 67
575 236 4 12 67
576 460 15 77 81
577 265 8 43 61
578 218 2 24 44 75 80
579 323 30
580 414 20 39 63 65
581 218 51
582 486 2 31 75
583 484 11 70
584 238 32 37 77
585 238 4 50
586 203 31 39 62 71
587 269 26 55 75
588 368 6 27 37 41
589 201 17 71 72 76
590 425 60
591 251 68 76
592 264 2 3 25 70 75
593 430 22 77
594 447 8 22 69
595 429 9 22 39 75 76
596 375 49
597 407 25 56
598 220 20 32 40 77
599 378 18 36 52 56 62
600 325 32
601 458 1 34 40 51
602 245 32 35
603 337 46 68 70 77
604 500 19 67
605 206 38 46 58 63 70
606 324 42 59
607 457 73
608 374 39 65 81
609 368 27 75
610 438 66 75
611 430 15 68
612 442 35 51 54 64
613 371 34 52
614 475 13 20 49 67 69
615 418 10 50 65
616 363 2 15 23 35 70
617 377 21 45 69 71
618 301 15
619 271 19 34 39 75
620 300 26 27 50 65 75
621 423 73
622 284 30 52
623 209 51 55 56 68 81
624 213 12 31 66 72
625 226 44 52 79
626 372 37
627 462 9 43 46 67 74
628 241 2 25 27 41
629 422 18 59 65
630 278 11 59 65 67 79
631 265 27
632 413 76
633 350 9 22 42
634 405 20 38
635 263 25 45
636 396 5
637 327 7
638 263 18
639 386 29
640 361 6 39 57 79 81
641 477 4 73
642 318 9 45
643 243 71
644 218 10
645 324 3 38 78
646 252 10 17 34 46
647 237 3 70 79
648 229 1 62 77
649 428 14 46 54
650 455 47 73 81
651 285 19 29 51 70
652 426 12 56
653 279 58
654 447 8 50 55 62 65
655 213 5 66 67 78
656 327 6 28 46
657 288 65 78
658 427 4 32 65 79
659 201 31
660 244 61
661 491 22 34
662 413 66 68 77
663 210 13 22 26 73 76
664 313 23 40 69
665 324 52 62 66
666 378 70
667 367 26 30 64 75 79
668 219 21 59 62 64
669 240 24 35 48 70
670 361 13 30 39 51 74
671 221 14 18 77
672 243 15 24 63 73 74
673 279 6 53 57
674 389 2 23 54 61 65
675 313 51 71
676 355 36 51 55 57 76
677 428 2 45 72
678 280 34
679 459 9 46
680 325 31 36 64
681 409 62 66
682 391 4 18 37 78
683 255 15 46 50 67
684 472 3 5 35 45 58
685 325 3 9 75
686 299 52 63 78
687 467 13 14 67 71
688 405 26 71
689 210 67
690 274 20 39 61
691 425 17 18 22 37 51
692 325 23 59 70
693 498 10 46 75
694 289 13 30 71 76 79
695 246 19 23 58 59 74
696 488 11 14 45 59
697 367 27
698 481 23 57 59 62 76
699 237 20 27
700 416 4 7 30 62
50
1 246 141 270 660 337 698 437 408 625 536 535 99 305 127 227 109 431 244 147 292 12 275 9 623 381 699 119 547 299 652 22 545 244 443 656 581 440 544 288 516 380 274 67 136 400 293 244 282 688 390 574 152 116 582 74 496 32 192 494 331 295 667 327 538 409 282 570 300 277 157 268 656 582 334 91 433 78 487 15 66 176 40 217 292 73 442 239 105 85 185 587 379 151 213 368 12 646 390 463 222 698 30 330 580 363 420 312 441 206 478 658 534 517 326 277 42 67 667 298 303 151 184 133 454 548 652 465 645 341 379 318 339 409 647 218 223 367 529 115 24 307 224 9 275 549 285 468 67 252 65 369 554 400 501 307 399 453 223 343 93 602 113 431 462 59 100 136 577 81 251 53 539 474 61 113 323 346 33 389 49 97 210 602 649 10 361 347 614 583 142 7 636 254 589 549 464 689 685 341 221 387 393 59 312 453 171 86 250 203 627 450 452 136 504 400 297 164 198 211 198 491 217 286 196 257 134 660 397 270 300 617 108 144 675 420 48 298 657 450 652 583 199 403 170 2 254 467 317 604 677 667 394 345 252 590 53 537 1 450 259 452 366 366 595 493 237 642 90 194 543 41 228 42 596 398 195 301 164 512 204 140 478 50 636 181 91 688 17 91 589 427 542 255 93 436 199 481 529 288 674 372 480 202 565 527 51 59 128 214 22 483 505 651 532 440 131 622 579 300 12 468 26 553 174 270 440 372 51 421 111 176 244 590 529 108 417 579 318 696 92 340 478 48 442 310 487 25 383 518 324 547 285 501 551 610 71 291 281 273 163 391 448 406 432 429 665 300 307 282 447 551 73 225 598 515 686 537 691 368 354 466 366 90 266 217 699 488 659 431 212 121 273 112 526 156 540 490 456 298 223 202 148 296 578 46 262 563 34 252 383 539 169 48 628 586 416 78 374 374 660 37 494 232 148 471 387 139 412 294 437 635 648 584 382 525 81 95 388 114 498 222 652 666 421 31 551 137 260 376 510 219 413 304 602 560 226 441 699 638 186 587 24 133 470 557 658 3 651 497 268 448 18 372 413 590 554 263 26 114 639 688 484 351 443 538 362 668 430 512 57 615 398 80 48 320 636 5 474 38 501 41 485 670 412 197 559 418 612
2 531 2 24 466 352 466 455 165 433 184 129 490 99 526 21 146 297 109 150 70 146 102 263 83 71 674 279 81 543 342 117 525 343 292 291 146 57 45 311 490 229 439 431 479 416 603 624 165 163 225 234 461 326 496 543 548 622 273 80 464 615 349 441 257 640 31 403 697 227 165 638 607 55 520 385 622 422 308 86 37 532 472 497 309 419 339 308 492 611 388 408 677 36 148 234 675 178 88 671 556 252 60 463 458 579 147 379 301 607 617 337 590 540 285 199 258 623 506 50 685 345 457 662 380 604 347 507 233 434 629 88 137 689 2 46 19 301 576 319 207 492 107 248 331 391 446 41 465 404 90 602 200 698 563 32 53 361 538 285 246 618 524 534 58 678 579 77 278 454 547 636 398 106 183 180 496 81 220 413 636 309 314 287 458 328 318 510 688 307 246 233 225 222 218 434 199 96 510 628 1 357 15 398 462 349 578 409 581 97 273 668 558 586 255 467 365 572 277 504 179 674 36 555 195 405 288 545 500 250 472 501 58 638 350 671 287 227 379 167 476 104 135 485 141 541 251 506 412 679 309 42 653 497 596 147 201 336 692 1 585 615 653 94 5 302 64 291 681 594 609 608 697 195 392 138 35 94 643 599 73 251 640 25 199 688 323 400 323 466 552 359 533 504 452 537 257 515 279 389 408 187 296 405 534 139 694 20 233 636 618 457 338 558 481 537 545 255 388 319 21 239 129 5 194 580 541 602 546 119 291 253 457 38 109 290 177 102 310 409 189 227 165 679 236 97 515 232 503 354 550 523 592 678 679 237 9 519 138 554 637 580 259 394 618 519 135 94 73 444 654 413 123 118 391 358 366 357 42 168 10 591 143 53 21 121 289 181 92 579 187 28 458 445 573 375 415 160 620 487 603 573 200 177 142 42 687 507 399 28 127 560 70 421 613 90 693 353 423 84 383 609 264 141 505 288 667 219 447 587 6 502 459 357 678 601 398 664 559 248 691 137 108 61 557 172 302 550 676 176 633 359 84 196 651 588 484 617 107 382 503 264 183 414 72 161 466 621 276 324 169 267 613 428 479 469 51 232 470 26 408 555 536 491 202 486
3 137 555 637 519 509 200 1 222 271 313 139 343 589 463 511 155 527 390 85 295 440 316 217 618 23 71 453 514 272 391 344 561 245 432 379 205 83 379 427 505 144 565 147 32 479 658 338 305 499 422 52 239 37 420 308 212 490 212 177 213 602 520 73 298 403 603 503 485 434 381 289 577 397 435 608 176 544 245 632 343 118 135 33 154 6 340 365 495 551 693 160 605 664 384 354 366 287 308 150 20 688 590 596 385 325 655 12 320 199 95 114 468 382 146 621 387 637 438 334 488 430 493 544 546 328 349 211 614 657 361 85 644 402 680 480 26 86 491 498 436 38 611 203 419 57 276 105 693 13 438 632 594 230 627 439 10 276 102 623 232 614 8 327 315 139 107 493 225 49 290 660 86 352 163 504 408 438 609 553 602 498 636 647 180 15 538 189 290 639 111 673 4 270 299 318 409 557 110 85 606 551 196 143 203 510 647 62 399 7 614 452 504 2 399 683 16 388 171 457 478 434 429 481 155 179 98 563 188 360 99 93 210 295 387 412 256 485 626 655 491 539 406 447 692 256 581 7 643 204 615 572 637 343 352 91 674 602 106 161 261 356 405 622 102 91 486 358 576 411 312 518 401 17 264 393 425 145 551 367 500 618 239 436 260 42 678 385 643 235 545 355 43 401 277 144 492 214 501 519 76 264 336 476 433 52 320 157 348 323 523 147 240 213 34 651 255 163 336 349 398 332 4 592 33 432 35 676 97 688 646 172 251 281 647 683 484 419 291 131
4 266 277 432 478 462 382 184 625 169 685 474 653 140 365 137 571 551 264 119 538 209 290 89 641 388 223 425 106 514 555 298 79 284 29 8 45 563 344 121 183 328 594 287 467 410 575 489 261 138 607 98 498 348 338 439 35 13 163 293 526 17 590 56 452 71 215 649 85 558 69 419 337 663 6 255 524 32 195 84 170 101 334 667 600 671 557 635 683 19 227 660 188 268 167 639 490 382 587 574 391 108 445 180 222 602 434 45 633 629 129 254 181 462 221 81 584 229 167 567 248 545 678 435 112 145 525 602 526 564 627 368 671 371 547 192 424 281 388 357 361 668 610 541 581 282 621 465 511 239
5 58 83 460 644 347 604 620 400 581 483 326 249 605 149 95 248 572 375 636 380 35 603 290 28 484 571 100 400 533 339 182 42 421 93 685 67 697 57 466 577 691 244 125 596 544 372 143 567 46 230 247 233 133 536 412 68 558 511 619 543 149 100 584 22 192 21 240 340 77 158 369 67 401 493 114 396 164 409 262 362 638 508 46 222 495 609 289 505 419 359 347 20 458 230 193 102 402 432 593 630 41 261 149 593 206 262 288 521 670 550 182 608 509 379 129 304 287 570 260 158 228 606 329 138 287 521 391 689 404 283 70 445 696 218 337 201 480 625 173 449 626 355 508 434 185 89 189 624 110 448 81 337 505 409 626 244 381 316 232 84 51 301 528 198 671 317 550 450 241 22 350 318 528 158 203 13 398 392 88 507 291 320 143 248 180 221 491 560 688 174 95 190 626 623 387 596 239 236 345 631 410 695 248 237 304 602 401 1 293 488 507 36 107 101 435 438 473 225 297 461 550 392 650 475
6 337 371 156 24 167 238 433 313 637 122 68 538 522 68 283 462 26 318 20 279 204 458 51 428 54 511 429 597 461 203 362 249 25 669 424 192 206 309 504 142 430 572 680 403 91 262 164 269 31 184 547 386 93 597 265 298 560 693 195 472 195 8 172 220 677 595 411 334 355 366 476 84 389 607 487 480 320 102 200 502 437 46 187 529 94 451 127 105 443 473 576 637 480 199 308 608 246 170 394 600 688 169 136 376 227 622 307 546 23 506 347 460 3 685 440 249 435 566 353 177 338 381 265 270 579 573 329 276 194 22 176 181 190 311 557 568 384 315 565 558 121 211 469 275 195 209 523 81 226 328 257 564 8 674 285 38 698 613 314 191 635 641 372 276 251 380 144 86 146 8 643 266 371 412 693 17 72 667 98 297 294 506 160 453 479 596 643 628 509 408 119 443 348 642 170 50 473 465 135 618 473 229 336 295 640 480 463 11 446 560 460 40 518 71 492 448 667 434 376 475 141 646 369 640 39 538 689 511 455 275 580 379 504 215 673 595 694 435 58 440 447 517 631 264 587 574 163 553 308 538 479 600 483 147 540 673 137 680 483 591 255 515 421 210 181 393 104 175 279 313 66 25 129 148 440 168 21 603 20 480 592 651 380 527 249 371 499 537 350 434 579 56 248 299 417 428 691 521 54 422 133 271 446 414 418
7 581 591 392 52 370 283 2 201 261 251 571 60 87 373 645 666 580 192 264 297 71 407 269 125 128 401 547 25 266 417 514 146 307 205 198 676 640 351 177 200 601 199 411 140 571 507 257 603 698 520 199 221 378 467 497 505 319 343 682 585 59 495 30 517 700 379 493 91 30 121 442 82 471 153 221 494 659 477 396 109 449 594 329 278 512 277 83 130 619 64 14 130 558 196 646 9 26 590 99 55 162 541 289 633 145 509 426 255 438 273 515 338 318 295 615 129 571 149 258 490 364 424 71 374 71 16 382 96 58 633 303 219 625 591 303 69 551 28 475 440 452 290 77 69 584 144 197 455 444 607 396 108 482 618 481 552 85 314 99 142 246 401 361 170 443 663 390 294 143 317 33 594 606 262 115 641 557 463 547 300 369 394 407 302 311 339 305 396 653 404 537 350 256
8 672 699 312 361 292 606 677 476 651 34 189 65 675 45 528 521 497 348 367 203 102 677 694 406 372 646 261 361 295 517 9 266 515 472 79 258 529 207 185 480 393 374 696 367 570 675 339 366 475 157 21 576 134 14 433 657 111 694 317 557 510 478 123 476 401 353 185 230 11 521 161 403 194 308 221 216 283 12 581 57 168 53 84 301 218 516 410 328 509 178 337 470 655 611 397 356 263 33 37 273 554 197 128 47 504 348 414 238 511 447 294 679 499 529 431 169 345 140 648 305 318 284 227 424 194 623 79 608 656 267 181 661 463 460 159 419 259 573 656 70 319 402 48 269 230 630 437 26 222 385 331 539 120 557 414 314 631 493 221 38 211 553 698 126 312 157 544 23 29 651 92 499 352 291 67 34 220 656 211 441 340 541 431 611 549 145 376 632 89 597 669 299 601 119 424 365 275 267 387 455 370 478 253 21 68 471 206 439 426 417 180 217 409 62 128 410 206 503 341 294 551 461 45 452 579 468 268 153 187 654 59 556 583 311 28 102 82 234 540 659 650 171 176 510 233 303 219 438 105 559 184 108 472 228 559 350 147 278 655 333 231 13 340 265 476 368 366 9 53 205 667 2 528 142 663 60 596 182 649 153 192 132 260 663 511 270 313 658 547 267 442 229 431 82 493 358 449 158 366 501 514 485 654 341 78 616 552 674 249 501 126 441 84 537 403 595 106 167 4 104 585 445 332 316 526 124 125 426 433 491 378 246 427 331 39 504 399 590 477 99 542 54 539 626 590 394 520 147 560 675 402 445 419 33 212 245 308 336 670 192 278 500 438 4 130 628 508 680 517 436 79 359 490 69 436 531 462 407 130 322 381 683 218 99 16 429 495 475 64 617 667 342 416 556 497 697 635 304 677 451 192 207 261 133 275 696 663 189 554 244 510 234 227 27 333 394 455 127 320 670 43 438 463 458 445 412 455 379 15 583 282 358 241 542 490 667 690 605 155 543 148 664
9 526 142 561 371 48 139 691 170 334 580 632 243 325 343 149 3 510 31 284 167 423 278 657 390 419 13 544 413 160 660 641 138 101 653 508 301 92 650 470 577 530 401 119 306 196 268 308 157 450 44 475 173 473 583 562 191 595 557 55 55 516 696 344 69 100 303 369 343 253 138 219 234 690 338 539 185 57 298 493 506 493 268 130 265 150 691 607 45 700 662 251 515 109 594 35 208 196 403 3 600 540 221 133 682 10 123 166 218 573 659 24 365 226 305 630 527 448 688 571 447 101 121 413 361 14 448 21 362 150 23 413 142 243 546 123 405 120 440 622 692 550 97 357 227 402 438 54 149 577 624 47 678 197 459 338 210 206 358 23 508 380 436 101 75 433 375 631 4 114 552 696 116 101 504 342 502 393 547 102 269 471 148 398 667 606 36 328 264 545 503 223 377 238 323 603 122 697 533 125 262 536 120 377 636 75 19 589 619 565 690 188 487 289 37 605 347 224 385 62 69 187 284 597 424 606 499 697 54 331 121 315 166
10 144 102 467 314 142 386 330 132 25 117 572 213 173 218 437 557 279 505 43 14 401 618 619 351 614 124 681 187 439 146 579 34 399 497 347 541 334 676 124 510 92 695 23 417 365 459 273 95 415 316 109 267 385 179 617 451 303 49 637 193 194 515 226 45 463 572 37 97 699 160 606 91 306 80 507 122 538 231 369 404 698 477 670 383 107 38 133 561 86 221 205 432 187 582 476 649 605 664 197 604 275 255 146 32 334 104 154 324 334 674 27 332 450 149 166 8 186 450 569 424 670 225 155 156 107 82 256 11 45 453 66 471 7 211 502 340 314 107 115 100 80 142 583 681 442 48 689 79 497 9 502 618 233 108 225 491 189 480 654 385 384 19 307 390 230 109 182 695 215 296 94 447 589 676 427 482 175 567 561 123 575 362 40 260 470 416 202 110 196 155 647 579 174 253 421 555 361 54 549 28 501 95 474 390 70 200 323 245 67 183 367 93 545 559 504 466 274 6 27 621 160 673 652 485 226 372 339 38 425 188 65 225 282 690 66 503 190 389 199 408 23 18 652 19 28 456 484 301 461 511 222 72 635 325 557 160 696 347 350 572 534 566 248 267 556 314 222 197 154 572 604 176 589 7 195 616 462 130 369 374 92 42 446 27 366 454 338 361 100 139 384 86 5 631 504 560 396 25 56 549 597 111 177 637 117 523 553 31 104 373 404 196 414 149 374 79 54 163 591 154 302 274 239 458 356 42 317 52 219 524 52 267 634 228 203 202 202 207 232 306 579 636 653 444 236 478 674 290 92 16 443 545 289 133 302 97 326 618 148 696 593 199 262 526 579 617 180 232 123 411 689 154 498 93 49 186 570 23 627 114 38 521 658 479 653 260 575 430 329 174 426 222 372 687 199 402 603 378 634 178 241 622 483 190 15 531 527 36 5 453 149 195 273 259 673 225 518 699 655 298 172 532 519 695 518 170 549 573 699 634 202 239 7 684 581 173 666 407 209 123 160 509 317 432 67 289 109 36 439 215 486 62 46 456 56 15 625 56 39 624 689 240 314 696 375 346 168 493 53 528 615 364 337 231 247 555 671 507 43 409 21 528 470 218 283 677 385 208 33 423 283 21 115 48 168 641 394 336 433 598 163 499 261 651 181 659 506 151 466 700 11 486 527 632 156 109 609 540 468 93 414 202 265 528 250 433 469 643 220 353 540 382 304 252 485 484 210 442 87 675 441 249 613 267 181 220 527 241 59 295 333 472 648 49 452 197 633 220 291 152 24 130 686 479 533 470 263 195 211 501 321 651 49 385 369 381 604 195 621 114 641 405 586 589 454 337 85 538 8 376 690 183 657 675 662 642 596 376 136 106 176 456 208 376 141 576 57 196 70 129 310 11 534 195 599 439 683
11 276 142 662 417 476 619 391 589 560 286 264 147 543 591 602 50 267 194 625 475 390 695 603 699 157 588 345 207 478 479 493 54 72 455 622 699 525 313 588 536 50 151 682 45 42 35 94 460 381 171 234 70 317 136 220 473 24 16 131 501 646 623 6 169 377 628 167 201 392 54 188 593 357 169 637 398 356 183 309 36 353 542 257 121 129 476 593 304 643 175 105 40 97 262 208 474 341 374 126 184 580 314 229 236 634 317 85 289 499 393 324 303 386 32 423 514 659 467 118 601 641 374 640 38 87 299 663 428 673 240 63 552 553 291 239 639 608 323 227 558 167 3 313 552 34 35 517 693 654 86 45 46 459 685 235 546 283 349 273 407 589 487 410 593 78 648 531 685 422 58 694 40 212 306 43 245 493 12 237 446 97 282 643 556 418 178 401 152 526 125 559 414 611 420 307 140 520 137 276 393 346 270 433 557 575 627 254 367 638 490 112 35 223 207 42 92 384 442 244 209 18 254 75 80 673 533 372 644 121 647 337 467 216 69 475 91 147 28 457 85 670 21 119 344 227 160 436 62 53 131 422 222 536 496 453 660 480 124 604 601 223 240 519 438 460 445 528 606 473 437 690 594 609 260 389 135 571 276 196 75 406 617 448 393 565 353 353 344 628 256 396 150 495 214 588 254 111 567 159 35 455 301 628 363 12 316 497 583 44 144 109 449 213 557 142 229 209 494 572 136 201 420 286 695 85 325 400 195 343 10 229 98 462 308 460 474 76 257 508 119 552 616 19 64 624 312 292 132 105 316 420 457 187 157 451 271 481 302 618 275 312 146 372 73 606 132 698 681 540 505 99 391 573 269 607 496 581 350 628 137 117 499 594 303 655 496 26 587 98 643 161 561 240 685 85 297 116 83 277 107 39 527 649 611 248 555 407 128 357 486 264 473 436 157 228 390 653 405 428 202 499 40 62 190 24 298 487 291 532 215 397 571 194 346 481 441 352 339 568 160 276 283 85 11 440 312 400 544 168 279 197 666 471 410 307 494 7 93 237 539 460 633 561 653 430 493 545 234 132 564 393 407 146 477 418 37 240 269 32 407 700 228 524 470 637 131 415 96 223 651 86 134 36 646 238 617 438 82 150 21 645 543 580 243 471 449 279 11 169 311 417 168 690 241 89 79 523 504 174 197 606 411 331 93 356 568 10 245 650 311 418 46 153 297 440 76 45 19 86 213 481 654 533 622 346 621 700 168 576 325 365 482 35 695 574 542 14 35 87 115 346 504 313 650 252 52 25 296 222 262 660 154 216 492 76 561 413 227 29 288 552 545 221 38 691 247 580 4 281 118 119 78 73 583 180 324 634 356
12 156 618 30 309 133 522 384 693 386 611 173 125 614 17 346 651 7 592 682 163 324 99 433 402 171 315 33 646 248 388 16 403 305 198 164 589 171 699 34 556 61 206 680 674 375 477 77 533 368 58 695 692 309 427 545 479 41 577 577 289 264 44 143 21 241 306 609 563 457 642 570 517 300 2 491 674 478 19 506 146 76 501 289 384 379 133 315 420 161 191 160 576 386 454 596 627 212 657 641 668 598 511 484 197 512 274 322 289 444 128 586 520 80 174 355 458 458 669 329 70 311 488 646 697 394 693 75 605 649 15
13 547 525 355 195 336 81 517 77 524 644 114 343 175 288 150 632 197 118 261 419 429 200 364 577 593 356 651 497 305 665 520 303 642 175 497 429 407 313 505 230 408 619 25 582 358 174 666 6 443 378 424 171 29 239 199 74 595 149 22 351 266 542 105 207 16 601 635 422 366 592 103 225 662 279 259 471 452 376 476 195 53 352 517 81 590 16 306 636 316 328 438 581 169 542 87 336 595 174 209 412 65 311 88 178 590 346 648 493 21 575 139 225 226 656 458 268 123 63 355 590 390 245 471 558 86 9 345 132 182 553 543 398 316 83 575 205 428 522 149 601 397 288 125 74 395 582 493 669 645 300 558 334 544 328 344 81 337 140 213 670 693 207 368 308 289 242 664 169 216 264 69 64 551 193 289 245 75 82 213 171 381 223 504 376 550 299 456 338 439 668 308 583 327 675 190 67 368 305 235 583 568 303 646 571 648 235 115 22 468 480 192 300 2 147 675 3 598 430 341 488 550 648 370 328 74 11 394 441 315 81 324 334 535 421 204 482 107 471 655 26 402 298 325 555 597 451 557 494 181 349 281 182 448 102 509 521 112 354 414 578 586 189 363 421 609 567 354 168 489 309 193 190 58 670 44 654 420 52 447 52 553 179 233 300 280 193 273 543 699 686 420 584 174 83 456 234 101 110 553 589 570 198 230 627 167 425 581 586 476 479 90 480 110 322 232 389 667 504 232 665 641 103 700 266 337 608 651 437 169 504 477 38 1 6 116 319 430 148 204 358 79 445 137 188 67 368 576 185 323 259 301 263 514 300 528 150 359 479 39 527 434 667 16 434 673 132 52 402 431 407 59 509 152 348 696 370 15 24 554 338 434 306 52 399 605 580 549 264 510 39 242 243 5 258 128 129 389 331 531 271 189 41 80 340 388 227 161 555 250 166 344 136 471
14 534 528 578 534 243 387 24 484 81 181 41 208 309 581 690 139 152 179 332 231 670 171 457 131 177 159 448 672 446 219 519 279 46 396 265 440 83 288 223 315 468 264 675 77 144 664 367 295 294 150 677 264 321 586 546 497 44 293 469 641 663 439 219 160 134 635 599 368 223 122 683 690 385 109 218 680 72 585 427 366 34 403 81 506 288 626 455 483 218 375 423 181 113 94 340 246 28 239 614 402 512 48 392 348 156 61 327 379 97 53 196 283 456 276 88 195 201 694 678 419 368 400 51 480 645 390 178 673 80 243 374 591 442 217 238 597 278 17 275 374 69 471 108 676 46 196 171 399 189 148 117 9 699 167 640 644 8 117 68 240 511 593 130 252 262 520 300 539 536 575 364 56 497 472 32 694 119 354 392 459 653 660 467 651 278 559 46 438 127 113 677 638 158 258 189 419 77 489 409 64 515 224 272 463 147 455 608 417 108 452 176 60 411 94 162 141 652 208 578 79 472 6 168 629 263 508 499 492 448 207 7 262 583 278 176 29 32 84 446 139 687 73 350 549 166 512 689 270 171 18 500 642 23 667 23 286 474 521 229 222 180 235 635 214 513 111 242 544 346 139 135 332 211 484 180 529 447 321 98 617 338 597 11 361 563 33 98 488 5 326 9 336 560 644 549 372 206 243 368 551 381 502 334 44 437 665 572 336 285 669 252 623 17 414 283 579 446 532 366 603 157 527 238 16 470 239 540 127 481 207 129 313 160 462 356 596 426 379 383 11 347 87 85 515 500 519 545 398 350 363 300 506 189 689 521 110 227 360 236 159 18 364 624 177 277 431 225 2 110 607 164 608 693 248 423 645 66 267 342 415 629 641 220 117 81 193 378 460 4 613 70 22 428 693 350 4 424 574 158 533 633 321 440 77 569 314 21 86 581 362 501 509 454 172 78 687 516 455 446 672 520 515 145 399 660 494 403 383 368 560 367 452 180 258 528 200 572 549 286 604 362 238 564 116 561 641 254 377 548 699 348 519 665 492 217 624 437 619 458 256 630 276 7 262 534 535 461 557 383 198 460 44 435 323 311 296 416 564 124 263 14 623 81 679 566 449 54 302 368 512 558 449 87 564 10 72 398 623 628 232 120 387 276 7 10 38 454 425 602 577 139 67 499 371 45 364 119 251 117 638 62 674 387 300 690 548 372 387 622 451 619 42 138 346 200 299 535 105 175 588 133 313 655 83 683 699 598 253 401 14 191 614 688 29 214 677 28 37 515 650 639 585 143 76 382 342 526 217 598 700 104 30 312 58 112 446 209 9 151 609 22 341 523 161 521 188 289 548 376 104 649 314 140 91 542 522 584 367 38 481 367 293 662 130 351 73 28 11 233 178 619 255 670
15 567 490 80 156 489 607 411 438 221 2 680 214 523 564 580 12 496 398 305 458 528 107 682 555 117 215 32 187 621 1 80 487 642 311 94 582 218 656 471 590 658 451 103 632 466 134 96 413 532 552 322 359 658 304 365 74 670 396 260 590 548 491 528 641 102 74 522 471 181 293 360 138 195 614 222 112 47 317 524 578 320 146 388 277 601 52 502 570 599 61 611 446 4 438 538 105 663 360 575 144 104 386 433 450 299 654 561 497 422 536 527 193 133 214 469 33 266 270 54 316 483 116 214 486 6 51 42 668 562 68 111 665 453 696 414 203 101 426 151 675 414 677 167 546 191 636 31 608 357 236 223 139 352 436 76 357 487 117 324 500 336 587 465 240 582 330 442 134 208 45 108 621 21 275 466 211 210 648 270 18 184 493 157 535 380 384 343 318 653 666 118 288 4 34 528 37 515 421 171 22 465 278 642 486 4 560 148 365 507 570 383 142 514 691 128 193 374 470 663 326 588 80 614 591 265 593 80 79 313 402 101 78 679 194 15 135 53 314 499 12 183 181 305 696 171 433 341 697 202 303 322 89 534 387 132 98 279 211 328 592 612 428 121 42 622 287 176 126 52 127 289 387 307 594 534 630 326 174 626 679 628 399 68 613 86 199 162 516 409 490 559 472 217 131 665 290 417 141 568 469 267 308 155 25 353 688 654 130 314 31 109 393 430 176 306 667 374 467 482 234 256 493 157 625 623 121 366 492 413 233 412 131 693 18 156 345 157 261 475 470 292 583 163 173 210 620 139 35 386 72 268 94 16 576 18 639 696 383 430 561 68 293 691 212 310 146 556 466 407 482 388 150 364 550 322 573 621 612 607 306 135 326 399 151 353 568 241 501 403 670 361 470 414 351 681 23 649 688 640 507 470 327 108 285 328 429 310 248 492 368 6 626 694 404 228 498 424 468 298 126 589 658 47 302 461 179 476 409 166 416 367 87 42 474 372 370 354 681 617 145 348 74 222 493 478 450 291 353 369 40 478 258 698 676 11 458 154 487 318 471 202 684 558 243 457 381 64 262 513 133 406 312 206 79 257 135 680 699 487 349 38 416 606 35 391 616 644 696 554 413 619 55 548 628 450 304 308 513 565 272 645 422 35 303 653 291 437 632 289 376 280 479 91 337 665 634 405 609 81 258 473 699 465 321 626 214 76 385 26 93 108 123 514 143 425 466 585 161 550 326 536 129 104 79 618 68 12 322 128 244 31 601 243 495 373 320 8 448 157 34 540 264 308 506 558 32 423 443 192 272 68 180 401 323 258 470 390 421 91 670 664 273 22 358 68 394 678 227 141 286 412 681 549 19 486 407 50 208 301 394 480 368 573 332 142 282 101 531 2 343 652 117 615 673 475 134 366 604 361 507
16 224 639 189 243 424 47 444 83 347 137 14 166 161 497 307 442 597 290 595 391 241 12 306 214 638 591 579 541 403 537 181 627 475 369 169 350 416 64 433 62 201 598 380 513 395 686 255 443 275 301 134 516 312 591 29 249 481 59 241 184 596 421 110 370 242 430 20 657 645 604 170 145 501 549 658 347 535 364 90 261 664 223 228 428 113 408 128 593 467 521 228 362 241 489 183 482 370 354 590 315 257 60 611 210 608 20 8 594 535 97 307 499 471 534 378 583 242 505 628 8 325 307 521 18 96 155 651 617 509 541 383 217 600 294 578 659 313 586 5 300 134 311 250 605 144 627 639 385 583 566 544 360 325 516 377 572 671 479 488 479 319 171 147 370 616 25 481 380 62 485 679 195 247 228 99 542 154 38 227 189 55 222 548 379 38 376 250 160 154 190 90 473 512 236 294 427 260 74 106 473 10 85 668 256 312 66 98 618 255 476 106 310 149 105 140 338 480 390 497 633 31 586 557 542 122 151 268 533 376 525 458 386 609 425 93 373 490 342 442 197 269 699 506 570 103 645 207 582 486 156 666 668 41 523 509 314 125 228 299 500 53 56 337 113 480 582 637 421 375 378 617 644 528 574 665 630 519 171 663 456 326 81 424 519 55 384 132 179 612 430 130 116 637 467 380 416 500 317 289 174 146 357 269 674 231 233 55 49 404 170 656 181 250 379 699 304 215 283 634 278 12 63 545 101 681 224 668 480 692 256 106 290 613 374 415 143 59 469 343 614 90 450 94 491 281 245 246 495 527 179 72 690 394 68 90 374 291 58 306 435 465 563 24 529 388 438 671 446 358 465 359 448 367 605 238 647 149 636 593 675 114 664 664 659 183 206 485 473 263 242 207 179 104 382 8 643 119 130 389 477 595 199 376 413 255 65 359 403 700 251 529 266 366 645 224 548 150 160 472 564 401 131 42 656 512 49 599 83 179 439 11 225 637 386 637 192 602 447 46 602 149 27 319 514 671 694 513 272 154 436 135 6 566 328 662 530 377 560 612 7 298 74 231 386 611 319 29 512 65 227 565 365 253 335 178 375 329 142 98 482 577 384 639 595 11 600 576 539 611 639 697 360 12 227 198 622 697 226 585 213 604 602 577 308 236 206 134 564 499 231 497 376 614 436 422 77 335 297 67 398 235 64 57 398 442 254 471 439 632 355 103 535 256 680 295 492 337 428 355 136 111 304 663 24 39 384 252 525 132 319 374 518 534 431 215 275 136 685 165 67 491 268 54 47 399 500 690 35 227 496 170 337 99 132 513 289 667 216 266 98 686 639 615 519 369 281 94 657 265 410 23 56 677 228 254 375 27 243 562 406 38 31 42 289 315 6 577 281 222 142 379 207 81 445 178 601 26 271 557 442 132 32 649 109 259 202 635 438 444 496 143 634 679 336 222 293 494 98 573 15 240 403 373 472 300 550 372 477 272 229 218 556 260 167 664 670 520 50 559 264 698 1 349
17 489 570 420 434 119 444 600 510 299 272 281 50 274 105 526 697 333 43 552 44 361 667 13 181 169 572 596 166 24 244 445 664 113 164 397 383 59 296 193 509 20 625 558 445 29 383 441 361 578 293 556 238 411 21 418 579 44 465 196 219 8 640 183 272 255 31 655 466 479 299 274 650 223 284 394 252 666 134 64 543 578 72 233 441 92 102 319 135 567 515 505 574 606 139 298 161 170 252 626 100 2 351 49 224 634 442 627 600 27 143 594 57 366 278 497 457 380 115 43 398 81 547 423 687 686 20 147 307 423 224 406 424 574 606 100 508 499 178 559 525 472 604 581 137 182 529 45 13 644 87 410 176 86 284 162 223 304 460 529 178 135 386 602 9 291 153 516 89 330 526 65 102 429 98 390 62 626 435 74 21 673 635 197 58 219 510 432 674 422 260 151 556 97 204 564 539 356 531 627 686 356 144 239 237 241 628 298 166 514 524 187 487 458 535 696 128 344 428 253 65 139 404 73 236 607 88 74 415 619 153 552 426 296 90 662 536 169 412 153 135 235 339 621 144 173 68 272 669 647 676 185 86 379 257 473 438 345 698 152 415 150 3 140 597 244 254 584 564 117 37 698 351 527 70 494 152 138 217 120 236 345 456 473 175 13 245 612 509 243 215 375 544 369 666 593 612 219 476 628 487 664 625 137 643 695 83 246 284 451 517 519 95 272 292 270 436 688 333 396 382 700 70 378 368 36 270 432 406 197 359 193 313 283 329 407 429 563 652 164 466 468 135 12 39 578 281 627 565 66 322 399 65 392 76 584 427 497 315 132 693 125 324 457 560 105 163 288 119 114 604 584 33 38 596 224 615 328 150 631 545
18 329 609 162 556 493 40 352 259 324 497 384 647 253 243 203 568 682 322 133 585 205 166 74 252 389 688 580 538 71 424 460 399 485 74 255 429 113 58 687 436 554 370 535 107 64 37 674 46 358 258 82 15 423 156 266 111 295 297 100 365 21 560 216 505 633 622 233 197 679 371 85 533 193 619 91 256 107 216 453 617 473 687 631 196 142 348 458 588 645 558 405 665 569 620 621 653 541 305 149 671 675 233 503 167 303 593 423 410 260 327 326 33 313 408 380 606 55 137 646 699 146 350 115 166 269 187 118 261 491 419 231 466 103 186 632 406 230 506 267 490 133 44 674 597 451 353 503 657 489 448 108 87 249 222 252 517 561 370 229 351 240 611 116 342 248 48 47 478 5 313 419 137 356 392 34 258 44 688 215 684 587 474 222 135 147 474 103 7 295 483 358 534 393 473 175 641 672 374 570 677 138 288 265 646 131 450 203 326 437 569 309 475 342 531 609 489 456 163 495 202 645 304 35 490 229 361 582 200 186 451 328 324 190 593 269 320 494 623 645 231 492 405 157 285 387 218 73 294 380 20 495 325 475 681 114 3 342 147 355 679 597 682 302 238 26 22 9 520 645 105 202 436 509 510 20 348 27 245 641
19 416 436 183 190 416 448 345 209 594 699 188 642 680 641 179 158 663 187 129 607 291 482 494 251 291 513 598 318 209 539 24 624 426 358 266 293 105 610 654 150 608 141 91 39 233 269 348 195 455 476 101 197 257 594 447 700 559 345 317 67 335 492 143 212 149 560 504 405 469 457 554 528 49 644 18 282 364 366 628 118 293 29 314 2 74 212 1 84 556 317 151 342 260 445 5 560 304 661 264 224 569 269 51 618 364 220 351 27 585 278 144 178 458 609 179 684 120 331 67 128 99 369 621 358 113 626 217 568 38 632 243 606 200 293 675 563 513 325 589 549 55 184 178 664 244 508 647 515 138 166 642 236 534 15 593 99 92 261 118 129 192 361 34 543 105 9 405 69 485 445 618 691 80 247 655 323 55 53 138 192 218 231 580 204 397 472 302 488 185 571 68 376 231 102 219 488 262 75 556 46 672 625 37 51 172 143 374 378 195 663 569 413 345 448 616 42 372 369 529 556 391 597 383 622 150 53 409 411 280 416 608 251 493 96 301 116 238 126 493 433 88 513 297 433 413 364 474 84 184 454 91 574 502 625 495 103 678 355 665 257 223 573 659 15 668 259 282 206 385 74 90 472 586 386 356 298 201 281 533 384 35 75 257 688 700 204 91 129 10 55 537 384 79 495 398 199 53 131 556 589 204 645 513 90 482 168 539 682 449 372 365 635 446 73 622 597 276 164 177 438 371 13 121 601 659 671 99 164 101 654 52 305 50 564 546 531 32 384 664 632 207 328 566 105 553 639 1 128 255 178 17 77 190 138 677 301 108 76 464 208 181 515 664 231 379 509 213 562 345 177 645 551 656 662 655 508 600 656 88 306 285 104 382 626 393 359 226 500 586 689 160 66 504 123 448 334 84 661 347 428 289 291 278 244 252 233 204 303 340 291 609 624 546 442 549 239 252 75 190 137 63 349 355 18 624 102 351 7 214 149 434 502 439 11 46 142 243 249 445 34 691 505 657 688 246 506 226 498 32 568 86 246 216 440 264 139 694 66 145 207 215 30 9 105 41 206 247 435 606 691 469 596 647 425 35 192 382 413 141 565 280 227 111 495 118 374 86 111 591 382 470 257 412 478 362 452 135 60 338 40 50 106 87 696 683 121 339 516 533 632 381 112 158 643 59 427 468 296 538 358 677 307 67 388 236 428 291 370 487 81 409 688 338 647 135 472 67 625 288 52 556 120 315 165 62
20 592 529 120 429 338 97 187 404 636 422 283 379 243 69 459 103 208 96 49 342 568 267 267 307 318 274 578 85 439 91 609 330 71 29 210 408 125 396 264 212 117 546 590 359 67 500 461 274 596 661 68 615 227 486 373 697 59 402 81 497 492 689 126 562 169 335 421 293 182 684 657 298 530 546 108 596 346 20 321 393 132 388 459 359 173 283 507 232 684 39 180 627 27 306 640 196 92 360 640 274 496 48 23 325 594 283 372 391 454 144 235 586 532 145 396 156 579 202 387 14 240 19 640 418 324 579 65 567 390 157 140 185 204 315 661 249 597 484 639 350 628 325 387 459 621 82 66 499 435 605 512 674 623 603 544 398 633 608 264 323 216 556 507 420 170 620 668 218 403 59 567 330 535 406 240 456 487 306 254 222 210 218 347 132 120 342 681 53 250 244 527 465 99 485 336 420 404 456 637 107 666 656 588 500 361 128 255 299 585 661 672 94 330 319 377 449 660 357 653 361 52 479 278 151 264 65 570 667 520 659 225 485 614 113 437 274 240 143 24 276 103 696 521 584 466 197 333 577 5 285 238 208 216 667 510 479 31 532 597 3 490 122 639 403 386 375 128 77 518 151 352 72 146 172 108 611 520 440 488 676 176 177 183 391 295 693 321 477 524 370 479 313 643 570 167 328 396 294 556 213 444 207 437 590 378 544 652 197 435 591 324 62 67 506
21 361 650 225 290 473 46 68 237 688 89 403 467 485 148 322 149 592 528 37 633 357 32 584 5 466 475 328 680 693 286 584 506 235 260 95 160 306 314 396 445 403 251 212 339 398 685 487 289 665 524 373 321 7 409 326 473 335 105 604 327 390 487 284 625 46 530 84 503 144 479 248 698 181 611 336 579 595 274 319 559 249 144 332 256 552 657 180 186 213 83 664 603 569 248 527 66 77 610 569 372 540 116 521 173 178 308 51 72 582 521 83 130 664 414 385 667 522 16 152 34 98 268 636 666 667 614 32 43 675 52 567 667 167 387 139 344 147 341 567 28 313 649 309 277 514 146 243 335 161 547 521 259 114 456 376 80 522 559 274 496 610 292 462 228 131 600 23 277 392 590 456 5 690 64 433 656 209 127 442 522 673 262 80 238 170 607 469 691 466 195 486 375 486 400 55 616 451 77 344 143 118 99 299 260 163 31 215 523 157 108 344 282 370 575 671 539 634 440 681 399 634 618 225 419 317 279 487 68 508 282 362 625 381 660 336 695 142 2 669 298 110 465 31 479 339 2 469 272 441 449 122 526 518 347 244 135 77 182 354 36 464 15 113 296 126 448 290 267 450 258 16 559 22 47 489 513 200 409 236 640 309 358 465 126 156 160 412 384 494 65 420 409 231 532 4 508 279 293 74 180 2 242 190 176 440 678 688 639 386 223 30 146 32 646 272 339 257 683 23 202 48 442 610 430 425 613 238 3 357 463 335 359 4 524 534 595 654 673 685 339 195 14 637 379 111 208 17 520 342 39 21 541 632 631 271 356 543 508 511 200 270 145 10 426 120 543 320 73 515 305 564 161 470 500 539 33 159 556 552 500 46 572 341 130 502 611 485 497 570 447 148 291 43 157 168 163 699 488 387 665 244 250 125 165 49 116 197 207 123 200 159 168 72 499 449 25 409 234 673 430
22 120 20 175 428 188 489 426 127 175 390 522 425 667 686 625 82 335 284 204 686 442 523 209 240 272 234 100 657 358 529 88 630 700 414 357 187 202 83 465 377 624 286 253 42 424 329 123 210 612 478 195 505 301 404 196 572 89 447 528 598 427 67 527 427 481 184 65 134 418 530 510 493 267 214 535 142 543 657 503 606 435 698 411 187 553 58 58 93 505 37 690 231 255 517 657 35 152 174 321 569 3 282 361 421 496 195 563 490 304 365 395 190 514 257 376 518 315 585 610 119 73 600 501 327 568 458 514 19 631 134 39 85 415 399 505 362 46 519 151 349 336 546 690 149 254 365 667 568 249 28 138 473 79 639 99 646 548 64 116 630 197 154 14 64 5 670 425 50 641 28 550 276 25 539 576 278 355 694 298 603 22 435 375 252 525 625 198 372 689 465 301 337 619 466 552 75 436 429 124 376 456 125 103 480 663 678 57 469 124 354 371 297 241 197 548 65 273 45 437 413 662 189 50 580 655 53 106 390 481 229 217 236 505 471 15 619 448 224 387 23 577 209 319 269 557 167 334 129 363 222 542 324 410 43 355 364 95 460 205 576 140 573 263 644 343 278 562 243 501 400 265 529 608 584 98 464 202 583 45 16 104 38 340 665 80 146 329 326 58 685 353 197 558 616 293 352 345 306 594 297 6 159 277 65 194 374 529 547 408 25 562 511 62 353 476 293 499 256 618 556 392 423 204 401 490 648 53 286 254 646 582 411 104 158 475 449 684 455 295 391 479 157 354 540 509 281 132 459 688 202 466 379 76 670 80 565 69 132 150 322 229 183 184 485 492 111 233 475 565 680 318 496 136 123 487 96 403 71 7 390 424 472 220 499 593 451 515 662 34 116 435 263 298 619 47 89 181 279 16 45 410 485 692 697 607 479 93 309 549 99 150 272 22 369 222 615 120 36
23 305 151 462 567 600 380 613 140 560 344 155 57 53 639 200 50 545 678 294 305 678 544 454 401 565 275 622 479 546 109 506 150 259 268 17 310 99 81 450 111 424 604 167 629 695 366 678 539 496 423 296 625 266 49 326 130 475 399 61 320 508 566 622 218 133 638 528 232 18 277 342 594 332 660 522 326 477 651 317 272 373 612 197 638 112 674 219 587 372 279 358 179 145 279 397 429 368 376 660 538 652 453 583 283 412 404 61 341 506 377 612 330 440 260 419 3 385 637 41 57 368 399 387 512 129 235 392 649 610 352 486 561 256 520 296 120 375 356 460 180 184 523 509 75
24 227 77 619 315 118 127 682 668 514 645 96 48 337 44 658 688 681 670 395 500 265 514 174 72 273 505 407 248 465 481 482 691 558 400 458 127 679 439 94 492 384 189 691 20 385 100 159 517 70 5 469 486 519 642 10 243 599 416 490 363 349 423 506 206 275 263 484 253 153 577 196 536 217 186 7 601 286 317 570 507 322 338 292 292 431 301 534 329 169 476 144 517 198 649 174 624 363 657 176 515 533 523 503 49 9 661 102 294 278 671 100 599 460 543 190 190 296 175 671 464 102 114 432 452 214 605 375 576 13 3 390 545 525 344 45 533 305 298 278 582 420 529 632 179 372 273 521 667 447 491 582 1 604 465 452 117 369 126 144 533 128 533 377 105 329 573 637 633 323 367 666 42 195 597 373 18 321 193 136 219 683 17 219 38 481 670 306 301 96 449 133 375 433 661 479 61 686 568 145 308 386 110 501 580 158 173 598 478 517 185 149 651 202 367 688 134 337 293 587 584 41 171 410 626 284 341 686 421 360 131 180 45 392 680 76 550 305 125 479 273 310 627 224 663 446 211 248 234 656 134 269 148 457 130 73 192 470 59 612 281 341 91 325 184 222 553 33 678 677 664 251 286 42 626 248 487 288 496 172 243 81 440 391 689 570 615 180 491 125 243 224 465 485 700 649 159 552 133 136 529 248 538 266 442 463 514 228 51 461 552 445 693 443
25 134 464 202 465 255 326 8 630 243 644 629 343 102 481 627 238 461 175 227 26 616 690 691 295 192 603 146 636 596 41 223 181 504 424 645 58 201 104 687 443 48 68 85 149 548 12 538 308 338 65 333 253 54 324 699 397 378 297 332 425 337 6 605 140 429 2 350 630 105 488 524 304 555 609 453 402 72 290 161 409 506 646 113 11 421 111 407 98 407 191 523 195 196 427 335 77 428 136 6 685 623 529 288 630 589 192 331 660 634 644 368 439 589 632 450 309 43 308 406 601 498 228 96 146 107 582 222 534 17 227 670 91 207 258 20 96 449 503 207 534 446 27 273 334 658 174 94 152 481 499 53 431 179 300 576 285 181 97 270 349 475 392 439 681 649 459 228 549 261 587 535 6 613 107 491 22 432 584 174 364 534 378 94 164 677 121 600 309 217 322 657 691 13 395 124 113 305 503 113 565 541 647 22 605 205 512 627 636 547 252 300 533 629 393 148 57 514 200 365 182 521 473 325 685 319 600 97 624 554 361 488 395 308 510 299 512 473 377 448 472 80 199 456 160 43 603 216 556 102 32 190 622 504 514 58 123 565 154 198 418 515 685 112 274 646 563 237 571 391 684 342 471 334 97 630 377 699 146 384 253 329 573 326 285 538 384 559 402 689 56 272 655 40 383 228 138 397 465 8 88 600 349 558 386 597 487 62 47 84 445 299 565 470 77 149 307 460 7 161 600 62 432 555 253 266 234 542 663 698 549 202 50 349 59 435 245 697 648 444 233 392 42 97 161 118 245 620 29 403 232 629 464 663 635 168 228 168 10 342 318 10 543 367 359 53
26 55 50 200 498 434 43 692 530 356 261 226 275 442 628 658 370 543 620 304 10 299 471 171 641 240 181 483 606 539 688 310 45 189 661 543 622 4 686 603 359 246 128 85 687 207 42 508 49 113 263 210 411 186 381 351 425 561 286 331 399 273 92 595 613 53 437 534 208 422 436 18 120 15 254 258 373 295 66 421 559 328 630 269 513 310 72 238 322 509 20 172 233 111 67 145 315 503 130 674 377 565 691 648 31 244 205 403 690 270 275 548 50 356 269 562 118 340 251 439 300 270 611 532 533 677 128 299 631 257 273 459 273 263 558 303 507 63 157 648 484 583 496 533 390 64 547 507 555 97 246 154 519 308 137 351 436 264 649 366 520 373 277 244 636 134 698 594 348 154 541 132 188 336 116 577 551 114 384 557 211 81 162 29 540 298 531 275 13 479 92 684 152 520 227 239 654 224 132 453 529 124 36 168 460 152 45 462 265 580 471 627 112 632 655 651 382 485 377 394 416 468 530 19 288 208 409 393 584 540 297 564 663 333 32 574 636 76 488 200 107 258 279 218 189 385 320 22 322 696 568 37 615 397 207 354 56 615 198 639 606 495 503 20 127 686 46 214 61 533 565 319 242 143 688 582 528 307 604 149 454 471 337 520 319 543 174 374 609 523 465 514 317 267 533 595 252 30 108 464 562 673 234 103 115 221 685 94 679 40 242 432 510 578 251 128 572 576 653 480 399 417 445 167 135 430 62 538 459 321 301 473 445 686 575 12 206 11 105 184 202 347 67 11 376 470 290 400 345 395 331 195 111 76 362 246 657 575 83 415 195 536 187 640 521 214 651 179 376 55 514 578 553 33 40 381 502 482 232 298 176 562 493 286 89 306 683 45 180 218 612 374 205 250 465 177
27 567 355 443 74 321 472 78 353 511 610 306 444 141 603 619 3 547 357 243 152 491 440 483 8 351 309 364 52 73 541 119 92 347 561 165 667 332 242 471 294 152 76 38 292 131 108 446 677 616 141 281 407 580 63 566 382 371 230 585 596 222 3 687 568 563 151 687 346 544 457 640 695 685 129 439 115 236 336 243 152 476 675 10 507 38 575 188 560 104 73 455 477 227 593 345 90 195 483 435 39 391 526 185 375 654 623 641 342 411 184 645 338 158 654 145 347 528 484 359 84 8 113 560 235 158 356 324 352 138 210 390 529 36 575 355 141 649 296 482 511 631 426 149 240 379 293 587 359 76 245 442 236 509 453 470 118 109 245 470 398 454 311 226 641 337 33 234 438 328 15 248 258 593 396 649 423 140 687 81 216 383 674 603 192 579 372 461 139 616 382 536 521 693 214 614 481 246 147 218 25 313 466 282 205 313 382 80 453 369 312 120 51 438 22 394 316 545 155 454 460 536 441 432 680 106 497 461 351 643 678 527 256 595 260 612 360 642 143 112 310 455 383 360 192 404 54 659 400 208 564 311 195 304 42 175 562 539 635 364 633 64 191 340 111 450 404 622 391 546 33 700 300 567 512 643 422 565 601 121 224 616 431 418 372 472 44 233 462 130 596 547 346 86 186 608 688 589 529 378 587 13 530 338 579 341 281 300 357 333 420 32 249 302 601 620 225 645 152 687 226 199 685 571 285 170 478 424 211 458 101 249 470 82 586 500 574 166 99 382 651 670 413 199 423 314 118 648 410 421 86 635 619 70 658 355 391 587
28 53 345 331 301 114 564 187 66 438 504 316 271 454 438 684 652 160 449 221 107 158 93 192 244 164 413 201 670 256 88 200 308 584 530 61 697 545 399 62 434 202 378 5 108 115 140 211 426 588 432 533 197 676 176 440 139 41 93 109 296 180 308 55 63 289 115 211 285 513 425 19 167 254 23 274 520 162 636 245 201 519 229 397 495 405 136 633 597 228 193 192 559 652 398 73 240 513 436 525 477 312 695 95 565 169 520 536 482 456 80 682 274 309 378 68 165 665 153 213 345 497
29 355 449 101 580 140 65 315 116 694 626 110 88 642 278 608 477 59 515 8 192 88 468 21 308 84 686 612 296 482 408 151 136 308 252 15 448 468 481 563 461 558 125 549 651 554 608 427 65 422 587 256 661 506 277 268 590 414 179 185 195 587 336 482 194 39 649 93 658 429 108 419 439 232 419 389 85 478 268 149 351 154 557 311 659 285 579 548 698 209 185 344 247 672 125 593 162 225 685 119 654 244 537 392 475 407 232 12 184 499 312 534 652 320 145 63 604 175 62 601 383 246 396 82 369 521 674 530 197 110 649 150 354 637 693 280 344 225 443 679 23 207 513 127 526 109 189 430 435 250 482 269 648 178 350 468 150 475 298 346 585 398 648 390 486 92 669 281 316 412 260 491 618 224 617 595 484 257 324 370 658 258 638 605 435 440 373 36 214 122 381 250 671 480 639 456 572 60 37 339 471 448 129 540 123 197 586 606 605 362 275 563 619 364 467 505 103 291 540 469 564 372 18 534 152 657 290 175 16 478 513 638 225 94 629 347 442 666 404 347 327 130 209 245 493 127 49 596 570 588 516 433 412 533 267 563 641 8 189 108 485 1 197 9 246 277 507 688 243 362 334 569 491 542 114 283 120 314 330 689 202 145 422 65 678 140 79 70 147 267 178 631 267 374 91 513 651 49 652 345 410 285 213 200 278 478 634 397 92 264 538 445 560 411 509 537 2 587 59 148 153 236 230 571 61 472 535 163 520 486 507 381 70 20 580 499 497 665 348 588 228 337 484 88 47 292 76 48 330 134 347 482 521 576 505 582 347 339 44 318 277 3 698 498 22 29 297 670 693 644 10 373 280 493 612 478 85 687 677 414 273 323 348 93 350 304 126 148 642 322 465 218 324 614 16 497 94 464 466 86 559 627 610 290 420 521 67 656 660 43 521 232 517 320 476 166 623 54 465 565 527 381 234 302 294 401 98 539 316 15 76 174 642
30 463 513 506 529 468 465 23 440 148 691 60 76 156 682 129 72 698 107 452 384 408 197 236 505 35 552 671 111 25 64 96 640 576 53 620 495 670 643 235 269 633 294 344 241 427 624 312 425 30 64 108 437 412 343 393 447 346 516 557 371 579 104 310 455 156 229 249 277 323 635 546 408 228 189 100 655 265 411 531 294 626 638 183 338 432 27 236 78 542 92 600 421 347 361 327 502 41 27 231 516 662 76 223 341 264 322 447 680 184 277 274 262 366 608 51 250 634 286 479 628 529 378 500 175 190 278 128 230 304 358 45 417 585 419 210 149 192 656 280 528 385 553 89 50 612 291 451 546 28 229 625 8 58 424 182 247 1 461 629 456 271 125 173 155 696 534 455 187 489 35 14 325 39 254 527 651 696 277 648 23 506 572 30 15 295 363 262 447 124 342 202 546 466 526 700 461 359 455 100 300 641 113 624 679 519 450 629 514 27 28 537 684 599 18 698 345 381 411 91 656 52 293 501 670 270 500 582 629 406 681 380 346 246 455 477 216 205 405 29 383 433 17 518 483 35 667 128 567 378 370 522 581 114 322 550 384 273 584 464 131 16 143 476 261 597 252 628 253 109 657 635 693 125 604 627 311 571 54 177 248 576 150 128 689 471 130 372 196 165 135 326 180 277 253 593 326 657 520 578 65 628 513 209 205 416 135 515 438 341 144 685 216 293 265 204 216 546 28 411 10 162 36 341 591 288 233 216 244 205 93 460 284 57 120 488 625 255 303 362 47 446 347 414 190 63 617 405 608 96 115 69 258 302 561 148 590 246 515 285 450 607 197 185 664 316 673 40 22 427 401 68 324 199 481 513 261 550 218 320 645 484 540 354 86 401 653 127 98 467
31 699 374 59 183 489 375 155 528 396 581 380 616 204 579 396 17 139 245 386 611 342 169 450 695 406 302 648 532 399 414 547 397 239 605 580 179 431 34 158 127 67 538 42 270 416 589 438 6 286 275 616 627 596 518 73 301 119 20 285 518 586 131 366 276 187 245 455 618 431 64 196 497 601 389 218 468 277 108 474 14 382 541 640 277 358 13 578 477 184 314 446 221 444 111 497 82 508 403 699 238 466 194 186 519 34 555 286 311 662 211 324 344 204 416 620 561 580 649 489 215 262 234 436 157 497 232 391 304 86 389 693 3 35 330 521 68 184 259 530 146 621 306 641 124 21 560 685 52 661 625 266 374 159 1 683 107 384 373 562 621 213 554 624 247 335 444 467 518 154 448 663 75 53 55 198 225 615 334 276 27 259 542 552 569 694 534 127 530 358 688 450 571 693 373 269 327 269 35 296 422 483 411 648 687 465 298 212 531 83 487 557 493 480 409 361 474 394 639 455 52 626 204 74 70 29 342 396 297 377 692 170 311 554 118 297 318 567 660 149 649 447 157 442 226 565 254 151 411 193 605 614 270 261 687 340 289 328 187 585 156 330 206 618 183 475 215 653 341 174 101 290 72 257 183 450 274 436 52 684 80 657 597 502 217 583 293 657 210 479 541 518 261 198 435 595 673 101 547 313 427 647 54 498 356 236 399 629 124 451 64 203 407 660 4 75 694 296 31 355 227 23 172 639 220 607 685 192 7 532 657 433 630 10 383 285 398 81 365 521 531 428 175 389 539 331 463 684 78 645 491 456 119 662 394 339 20 379 682 179 362 638 63 291 100 445 28 649 678 544 621 508 424 95 349 414 577 263 398 655 208 188 562 326 301 256 116
32 86 98 499 447 187 561 189 438 458 368 386 435 364 458 394 87 553 42 500 581 305 197 687 664 536 549 289 137 256 405 609 493 654 559 391 292 571 31 30 328 399 567 214 62 325 608 300 329 649 99 361 405 448 348 368 283 348 109 571 603 665 479 395 618 337 237 361 208 267 390 687 665 409 201 178 33 260 477 513 360 576 173 65 475 672 432 57 319 692 628 221 656 558 67 25 195 303 386 554 570 75 540 686 635 192 316 119 451 92 631 111 119 256 327 593 227 210 650 546 202 29 218 157 38 437 182 232 191 567 237 212 93 229 198 28 420 665 298 323 56 381 433 175 636 211 219 314 420 320 311 621 348 681 78 386 569 411 69 59 277 458 271 521 686 620 700 405 584 298 179 91 678 63 417 65 273 636 378 693 255 141 613 55 121 142 592 689 552 660 199 280 417 621 101 402 692 100 259 27 397 437 118 526 652 534 590 224 621 420 216 176
33 281 230 132 422 121 272 426 232 470 5 101 391 105 654 382 357 364 409 205 253 526 31 204 511 72 427 432 491 95 59 502 375 440 85 248 560 356 673 243 126 130 343 516 234 297 349 42 660 57 247 212 34 277 415 697 348 294 428 291 388 638 244 214 377 329 461 388 136 586 630 261 15 425 228 400 21 577 442 132 85 688 496 119 416 362 115 215 655 694 657 494 631 201 7 459 681 620 146 268 505 75 529 519 651 208 370 671 84 111 255 169 98 50 439 665 563 553 180 670 698 136 463 80 336 470 538 468 541 683 36 345 209 16 315 160 223 684 282 459 247 536 79 496 37 517 461 52 521 640 21 518 75 483 597 563 404 434 330 244 568 517 40 228 532 354 387 207 490 121 665 36 656 195 683 145 11 443 196 531 382 368 500 457 302 396 471 6 281 252 401 300 69 441 527 52 246 214 410 187 334 374 374 441 20 357 37 30 251 384 12 633 203 511 541 505 358 311 510 90 14 362 389 82 254 216 286 652 581 695 138 366 521 664 258 540 472 447 570 22 282 33 106 485 696 646 289 505 408 250 595 422 611 435 655 165 102 240 268 134 235 557 499 55 520 209 46 443 107 67 465 388 100 570 172 95 668 460 599 375 9 645 248 72 532 203 388 633 442 655 67 128 511 17 334 483 377 380 225 483 446 689 171 697 11 494 243 678 254 294 504 414 238 52 637 69 254 324 154 147 278 372 427 241 388 212 23 217 43 247 699 641 388 321 637 398 115 180 527 520 473 330 385 162 381 322 383 86 645 536 385 375 359 111 615 46 474 89 414 517 487 413 457 174 33 393 23 299 24 1 118 496 331 503 110 163 124 492 249 220 479 85 46 137 347 660 334 120 200 48 636 687 612 392 160 644 237 335 395 260 335 512 208 117 314 317 280 589 260 680 261 190 64 306 478 410 418 263 529 69 462 617 55 373 308 367 469 696 1 163 256 487 674 463 604 440 231 335 480 642 314 192 283 529 650 60 238 519 474 218 587 236 134 642 608 594 308 528 589 460 690 144 398 116 58 453 555 440 87 486 533 552 678 267 380 79 326 69 597 252 439 483 487 572 424 546 617 183 374 506 94 363 101 644 630 311 396 636 202 635 422 35 486 551 301 318 629 79 538 677 482 276 459 268 148 335 265 216 669 638 21 63 453 274 6 382 584 553 318 85 487 191 271 425 193 24 194 273 254 31 249 187 307 159 454 606 493 170 121 614 108 294 676 12 567 133 545 602 685 314 686 624 504 409 500 148 584 693 420 289 175 120 475 633 279 380 538 223 549 111 136 108 556 263 119 422 547 664 323 684 277 460 607 233 320 558 380 355 550 252 643 176 523 569 109 253 248 98 628 249 208 63 356 63 478 627 636 324 590 410 307 318 170 365 2 641 222 382 296 223 85 238 399 59 107 507 312 506 604 239 54 264 453 410 478 230 488 414 6 377 123 464 146 444 129 148
34 502 681 680 25 217 369 575 275 627 381 586 433 436 124 638 699 29 499 629 258 286 494 263 114 616 179 260 512 307 559 348 260 539 479 284 207 147 310 481 226 690 519 658 578 94 47 28 122 546 656 380 131 449 94 245 517 272 656 480 30 514 127 290 504 605 25 10 203 335 490 428 476 308 537 353 402 584 533 675 429 488 506 11 389 600 407 205 323 362 684 505 327 262 246 130 166 270 291 520 56 81 248 532 540 236 336 393 271 168 520 151 108 325 162 496 224 568 152 699 382 287 655 160 700 200 290 317 469 580 136 677 112 535 508 104 71 295 648 341 615 467 492 22 92 105 669 467 124 272 617 505 10 571 665 9 222 406 325 143 437 612 119 1 447 626 256 669 372 203 309 286 122 252 459 365 356 579 283 632 150 200 436 311 222 552 319 444 409 95 586 298 7 4 298 605 81 553 573 604 207 333 190 480 585 100 144 392 679 579 323 280 230 211 591 451 214 361 346 623 456 383 372 614 538 669 518 70 673 390 674 331 174 315 111 58 414 406 602 392 436 224 672 665 434 14 568 100 374 213 174 129 596 545 194 433 513 11 503 637 552 628 419 26 242 681 235 655 539 136 499 274 512 622 239 245 635 106 344 308 470 517 589 517 513 82 402 477 245 356 413 248 283 132 273 524 112 660 630 650 95 580 376 58 501 614 303 587 171 98 347 92 67 235 609 579 468 310 508 164 665 220 412 247 503 136 222 67 95 303 168 342 183 543 399 135 608 153 174 230 403 520 322 621 206 230 651 673 539 458 137 655 678 700 353 632 135 26 698 382 328 166 23 662 160 573 249 68 26 422 297 580 241 70 500 598 299 450 22 289 208 310 395 337 309 47 268 444 72 418 125 552 35 299 513 194 171 61 413 348 482 162 227 174 231 26 71 682 628 245 422 135 554 117 623 163 163 342 58 387 59 182 238 93 632 202 439 102 263 151 450 196 464 128 522 695 154 44 128 81 288 549 367 142 665 289 304 280 82 513 118 141 694 355 385 625 8 123 178 270 426 79 618 189 207 439 335 512 634 462 44 222 463 410 363 427 150 118 158 231 630 275 523 75 81 360 151 89 482 480 510 359 559 579 700 217 317 334 28 251 248 71 624 10 632 438 436 233 7 46 615 88 472 438 162 553 97
35 93 30 395 54 541 253 633 540 469 401 173 648 651 420 18 26 429 101 463 317 333 469 514 248 556 285 137 169 289 233 84 533 414 479 587 254 183 519 93 104 219 418 51 322 289 221 347 18 321 262 486 654 182 451 201 38 35 337 358 324 21 442 156 586 372 194 140 554 12 384 657 383 101 8 156 390 228 654 559 700 215 496 653 397 246 305 586 432 93 243 55 265 136 363 151 507 556 442 513 20 125 469 554 378 628 9 219 307 114 77 307 329 24 259 177 269 16 214 700 108 456 207 373 44 21 675 2 28 416 514 199 540 435 52 369 362 212 587 121 478 663 427 106 138 137 434 558 304 647 10 412 554 216 236 49 388 210 51 567 625 16 66 616 450 269 285 264 633 171 384 410 286 262 667 423 550 552 281 154 650 290 565 503 657 252 4 344 461 54 362 385 69 579 300 671 148 36 234 232 207 617 93 492 330 59 214 179 62 494 332 11 235 348 665 191 599 668 686 511 21 348 195 242 378 647 212 677 682 597 208 340 665 452 131 294 662 345 624 23 290 256 33 677 55 150 167 106 117 305 616 290 104 263 683 481 361 194 458 342 90 117 682 54 569 264 499 530 60 422 5 502 129 37 478 184 186 644 441 455 400 356 44 503 70 26 436 430 371 193 224 612 461 357 665 329 620 615 311 680 336 315 481 465 503 258 100 141 353 540 595 205 347 90 7 417 115 594 298 637 238 521 548 699 177 664 479 97 578 89 228 213 403 8 677 358 417 228 498 221 67 544 425 566 633 584 434 199 477 31 135 15 552 682 13 28 645 491 276 522 32 503 34 586 662 163 243 530 390 192 51 609 35 627 626 667 510 359 165 439 389 299 605 240 432 617 420 376 559 695 197 42 650 383 628 611 697 322 441 386 514 643 446 548 569 371 667 531 181 131 269 570 582 173 261 313 241 132 689 251 279 337 293 228 171 372 290 167 693 182 5 658 124 450 506 145 273 472 675 453 54 395 474 635 567 187 248 259 318 388 509 48 176 253 275 347 624 17 665 69 198 669 26 474 571 683 70 143 454 44 47 660 438 673 594 456 159 293 14 628 132 674 676 308 227 402 106 302 418 70 522 68 39 548 693 61 530 62 355 436 257 401 547 694 373 440 601 683 185 66 611 316 39 586 75 265 287 180 19 157 402 540 224 592 539 216 652 369 429 306 256 685 158 102 130 683 693 30 665 177 95 575 645 133 612 19 550 351 351 20 507 52 559 182 95 398 397 46 218 277 351 625 261 660 26 390 642 170 419 607 499 665 633 443 249 697 613 250 347 415 269 305 618 128 486 12 677 334 57 346 610 559 270 170 519 447 11 612 616 581 518 414 545 603 308 93 599 373 495 397 239 63 1 157 342 486 168 470 119 377 115 180 387 384 349 357 130 359 269 198 391 238 611 235 140 371 479 190 195 273 586 433 488 586 41 129 523 361 599 641 189 13 272 575 549 72 384 678 582 652 175 272 341 238 506 633 60 437 122 406 9 8 138 648 45 331 77 568 691 127 660 179 291 232 53 139 303 588 117 185 691 443 456 332 132
36 264 191 150 385 596 310 544 186 258 589 516 486 456 658 64 567 136 354 98 340 493 401 228 61 37 218 655 492 1 87 357 264 429 506 101 477 268 96 114 677 684 629 614 591 38 677 458 173 330 555 512 122 407 191 334 443 561 289 387 561 527 195 125 255 153 377 31 420 472 144 548 608 224 461 498 261 437 407 585 66 414 549 340 120 39 125 15 599 413 553 460 239 47 36 494 351 564 676 70 335 272 69 242 647 529 192 360 265 598 244 483 311 92 274 583 283 398 49 181 111 601 92 501 99 279 446 450 142 422 671 629 145 40 322 243 20 513 602 437 563 146 219 173 389 644 207 671 341 255 304 603 307 547 404 558 278 301 459 419 174 429 499 318 620 121 561 640 85 614 528 647 59 46 272 600 141 478 570 481 33 325 536 491 172 391 348 449 691 106 319 165 687 270 634 58 390 646 697 626 560 524 573 70 21 144 121 313 621 143 246
37 467 81 596 90 471 395 690 613 653 461 229 639 30 315 696 571 260 145 496 271 120 368 493 293 511 613 605 584 55 150 140 674 382 187 63 304 582 205 217 534 665 597 624 694 211 71 564 623 367 359 345 487 179 137 231 141 202 287 176 408 437 316 381 118 502 596 422 383 100 90 368 64 686 443 209 349 514 224 423 180 34 67 118 212 356 348 505 557 635 680 416 523 295 97 92 249 144 513 631 395 54 451 610 192 193 118 540 158 341 262 338 374 480 455 38 135 255 542 143 341 521 559 163 268 107 254 516 250 219 598 96 424 500 5 615 145 274 606 302 614 319 639 439 99 546 628 233 100 469 528 592 442 386 54 161 492 307 128 193 677 177 288 401 677 292 315 121 565 373 422 630 691 513 520 241 358 600 626 609 368 453 500 261 138 5 573 81 463 700 273 440 177 12 140 305 455 606 425 471 278 146 552 421 110 371 661 467 270 586 527 90 338 478 502 627 482 527 159 245 526 583 136 154 594 275 458 348 332 182 270 62 480 121 482 589 644 594 508 365 632 486 454 269 264 408 348 197 234 506 593 211 389 28 365 434 454 122 234 86 456 503 299 387 624 232 427 567 125 386 231 56 172 137 477 587 544 276 235 229 81 128 439 621 307 255 355 61 529 588 298 436 390 596 122 465 127 700 331 403 386 14 459 9 150 387 47 145 662 281 525 42 560 415 115 167 670 469 227 650 508 524 385 349 571 506 266 697 505 596 399 342 61 309 350 210 695 396 506 656 677 330 150 688 45 264 154 166 184 380 115 143 355 499 643 225 456 208 373 412 256 72 54 316 532 403
38 527 251 483 634 379 265 83 366 309 498 520 626 133 351 40 275 158 690 218 534 597 577 207 308 132 430 513 448 261 368 425 239 618 207 173 296 471 407 113 231 357 84 308 489 435 347 64 44 488 433 577 384 309 83 692 441 512 504 340 225 171 64 463 240 422 87 687 345 494 100 27 150 183 335 638 69 681 153 112 621 37 689 304 346 223 447 238 35 403 577 411 25 92 173 417 513 260 403 157 205 502 184 506 137 518 595 205 650 200 469 22 236 457 326 33 679 224 270 165 78 298 575 255 389 200 671 202 611 373 510 267 327 145 72 463 114 118 119 216 317 587 237 553 495 14 37 626 238 307 90 467 56 117 21 445 316 691 98 226 516 59 644 142 204 15 56 469 132 174 684 601 213 221 453 159 386 641 84 75 247 174 542 455 442 562 199 57 5 448 434 520 506 377 661 161 543 168 630 126 493 65 26 5 437 630 316 123 571 399 197 269 24 190 23 465 204 373 673 208 120 558 27 78 234 139 238 228 306 319 354 250 536 379 407 272 309 22 546 331 420 195 599 444 384 74 208 587 446 333 94 18 190 272 95 424 562 484 103 319 255 456 569 90 287 275 361 47 296 359 377 15 553 275 610 236 348 270 275 246 602 368 263 91 92 357 666 653 292 69 424 546 676 292 87 262 18 600 308 313 258 684 479 110 411 541 345 210 110 619 455 11 439 169 253 682 677 219 86 269 439 509 266 414 252 353 676 269 252 435 581 509 419 512 618 281 352 414 490 461 485 397 623 375 565 175 508 694 545 593 262 435 402 679 149 653 331 276 374 582 10 254 542 580 217 611 160 20 477 102 480 413 650 554 239 666 181 46 659 177 638 372 612 491 351 212 596 133 639 269 167 648 674 160 680 191 71 291 210 699 544 142 411 493 147 649 611 327 694 21 656 83 393 567 574 195 230 469 479 168 37 645 267 162 105 398 504 327 689 166 325 684 307 35 629 605 135 539 384 128 559 339 210 403 357 235 49 586 3 528 205 191 624 623 353 180 321 156 506 461 321 282 444 79 468 372 684 602 210 519 29 221 157 391 623 513 625 672 550 80 651 206 270 574 128 74 54 448 382 11 208 154 293 652 385 60 323 520 114 685 338 294 357 494 684 279 458 61 402 459 140 352 664 561 378 91 635 583 691 316 593 198 621 337 301 305 549 76 124 662 212 461 255 568 406 391 298 315 451 700 73 590 503 188 450 332 279 536 214 421 303 259 70 224 47 371 528 595 598 104 8 109 16 415 676 422 105 273 36 555 424 261 596 379 448 497 10 178 333 376 598 635 634 668 158 132 490 138 179 387 393 186 495 408
39 622 129 156 194 317 162 70 577 57 448 324 554 609 502 186 284 399 272 369 518 582 501 307 19 679 693 411 164 487 270 216 560 399 371 206 15 533 275 591 41 174 214 46 82 167 231 366 566 655 34 535 536 534 142 6 664 134 568 280 73 137 495 632 535 317 137 1 301 563 591 342 36 257 387 118 423 70 635 440 176 668 275 11 654 568 16 617 1 583 196 225 19 142 157 6 611 445 6 211 460 49 4 495 457 543 64 331 64 698 223 239 118 649 249 223 516 416 291 516 298 639 41 468 80 349 625 690 245 631 353 4 131 356 651 39 198 166 369 261 316 591 651 433 539 199 107 354 614 397 322 363 335 514 283 567 314 207 8 558 289 360 14 419 168 116 457 365 281 278 78 596 320 180 480 159 379 586 664 444 283 437 107 69 250 389 635 563 595 643 573 184 302 38 54 621 305 663 438 585 240 515 633 559 146 564 169 524 602 285 268 336 21 526 404 271 366 339 285 412 433 309 47 186 346 101 107 650 215 544 687 606 510 71 616 655 86 237 631 687 521 350 322 541 175 26 263 692 516 700 403 400 308 450 585 654 2 143 55 368 686 41 273 647 263 188 602 349 576 684 335 396 333 657 389 659 134 651 650 101 650 504 500 410 253 536 363 406 679 569 73 116 610 497 215 324 137 116 672 12 251 459 408 583 415 248 541 700 350 642 252 300 445 51 161 150 38 523 555 168 543 80 436 604 576 650 228 12 217 199 176 467 109 583 349 675 130 341 674 631 282 225 230 178 427 542 327 617 364 334 84 359 413 519 262 288 468 489 452 136 140 627 602 248 661 250 223 242 42 348 172 475 25 554 653 603 395 431 519 211 64 603 569 476 573 130 216 493 71 667 628 210 45 530 609 5 231 131 398 425 631 569 199 655 422 303 557 117 34 376 479 249 430 347 25 454 628 392 398 698 510 326 359 554 307 268 10 689 550 407 565 480 275 216 434 149 518 443 417 3 118 195 252 699 693 428 452 620 119 302 618 628 627 276 481 385 543 642 525 545 348 390 324 622 605 58 70 574 500 486 577 69 132 280 67 124 7 670 44 125 271 113 204 349 540 136 185 535 77 162 379 424 551 2 497
40 211 19 480 162 504 508 230 88 87 448 211 93 570 406 369 292 518 572 93 358 7 277 344 83 438 22 506 440 23 455 346 386 473 278 547 428 85 77 515 172 676 26 264 697 583 633 289 553 656 381 362 663 109 5 45 699 26 3 590 200 457 236 585 229 665 432 656 49 660 471 220 87 648 636 84 682 20 372 534 675 204 195 637 464 199 134 462 376 288 352 576 44 39 612 424 3 343 531 203 454 453 575 541 400 662 76 534 681 447 367 107 102 562 196 565 60 481 479 436 68 130 463 263 320 374 686 474 169 516 676 74 421 2 66 272 663 141 105 643 39 472 202 140 333 397 157 544 177 635 431 244 216 345 658 535 19 643 308 339 610 435 412 482 437 478 54 399 618 158 494 657 629 147 248 413 543 556 409 171 490 139 566 5 484 523 691 654 617 450 292 678 337 3 460 73 632 513 623 550 670 568 658 51 14 357 615 8 213 323 178 2 614 43 159 549 17 149 502 633 51 245 611 387 399 370 611 331 334 533 180 455 553 289 505 566 645 420 26 309 194 203 311 107 398 621 655 414 221 608 499 271 152 409 657 3 230 19 333 15 552 664 469 556 252 274 421 348 145 598 657 338 101 419 445 650 339 551 363 559 459 161 282 62 21 390 64 402 409 396 416 412 359 185 267 62 610 139 410 54 37 518 391 289 236 287 238 26 138 52 36 48 365 317 109 385 7 325 239 567 172 654 278 683 138 696 44 199 134 605 252 322 574 95 610 109 381 147 286 670 199 322 17 563 638 278 399 96 602 637 662 225 43 391 207 180 386 403 531
41 459 82 293 333 176 203 593 557 501 179 526 151 500 695 165 589 272 16 685 325 652 98 549 694 489 208 326 174 610 156 145 520 389 590 152 565 92 197 573 44 527 550 347 326 544 511 366 267 526 350 591 630 600 592 75 388 251 552 13 312 7 310 131 548 199 435 412 442 631 436 637 609 285 283 386 281 94 51 699 71 553 42 700 452 633 75 291 183 78 303 494 85 64 76 84 262 510 647 155 592 382 92 500 118 374 185 550 619 236 549 690 240 590 141 691 674 367 281 308 445 35 253 681 99 328 64 512 290 10 667 181 543 58 133 660 583 317 510 502 4 510 643 243 399 83 385 372 450 117 679 194 304 383 174 402 10 237 365 299 398 331 632 240 540 64 199 575 532 160 376 536 669 318 230 519 400 67 190 301 183 320 494 486 2 119 339 164 355 156 614 204 486 697 443 478 60 94 352 44 253 179 31 374 648 260 192 499 326 534 100 661 153 45
42 307 164 389 622 670 544 687 174 481 684 616 410 195 161 61 238 414 391 268 87 338 528 430 289 305 263 388 417 568 584 315 326 47 3 247 169 698 385 342 478 368 409 188 563 570 400 100 435 243 520 673 580 499 402 320 255 665 159 672 684 43 438 309 241 440 7 409 589 391 202 366 211 611 5 73 632 405 324 366 647 295 490 678 93 191 298 348 307 456 319 290 650 208 50 191 647 56 599 687 599 101 352 109 163 357 333 246 213 656 63 159 403 552 288 495 194 585 294 501 493 612 242 594 119 292 84 217 499 135 203 549 387 7 657 1 515 289 246 27 397 308 337 99 311 624 45 504 661 339 304 453 402 698 498 673 441 582 341 239 168 696 88 6 2 196 6 516 485 403 694 333 162 330 583 472 253 627 275 213 417 579 117 119 576 615 91 316 496 431 6 115 426 245 120 579 441 277 546 377 679 539 9 140 168 43 611 421 669 185 633 538 215 50 656 242 664 46 9 611 628 15 25 506 259 296 384 151 572 230 527 2 68 687 141 236 29 203 108 150 539 40 687 54 241 642 295 204 139 304 266 218 470 442 23 180 37 559 331 60 88 157 213 307 144 505 694 324 7 101 473 546 293 611 51 533 4 497 189 142 252 606 512 21 348 534 201 536 544 683 48 83 291 260 390 586 65 535 210 71 88 134 68 380 45 270 364 48 67 4 342 318 610 153 491 257 138 143 244 682 125 291 64 567 551 605 453 615 592 662 137 679 247 357 510 291 78 173 491 144 177 132 614 86 436 404 494 573 698 37 6 274 328 222 140 330 278 592 244 321 5 532 299 252 340 108 694 418 433 484 561 609 67 626 146 502 481 639 527 478 127 684 51 454 357 343 235 635 234 630 255 239 462 6 490 253 265 483 670 697 419 683 605 485 608 50 439 541 140 265 470 267 400 521 172 57 315 407 143 548 336 397 238 249 554 179 502 119 114 471 115 532 605 172 316 513 221 206 505 513 622 274 231 322 246 402 378 560 260 520 408 596 368 645 296 222 276 97 492 389 20 606 220 624 77 687 588 450 193 392 262 114 666 644 587 211 345
43 71 57 235 630 652 55 26 399 428 301 496 219 689 667 124 360 590 353 347 478 102 691 169 515 104 286 458 691 649 254 406 19 310 93 100 413 299 277 112 178 578 607 396 18 573 671 378 614 323 176 391 576 166 12 390 421 449 299 411 397 553 269 567 162 513 666 575 263 243 686 440 272 44 287 289 68 257 118 681 32 293 524 59 610 687 449 331 435 47 193 132 51 461 698 213 425 116 87 687 510 72 578 81 267 164 521 334 573 639 314 604 383 137 114 293 123 562 623 10 61 115 141 263 28 290 475 604 557 561 43 366 84 620 446 350 84 267 135 656 357 449 11 39 37 124 331 312 138 405 321 350 672 613 612 699 354 387 602 211 399 644 28 635 16 474 436 99 192 571 206 548 471 216 38 507 491 521 270 628 225 42 429 196 106 341 346 460 179 400 122 29 495 149 663 510 74 551 608 417 421 113 416 191 480 454 149 271 426 419 350 102 460 231 450 566 571 95 477 201 646 50 381 441 350 344 250 576 194 310 292 66 574 8 256 506 613 404 228 490 274 577 591 186 259 340 203 281 587 679 481 684 180 162 424 529 657 126 404 302 587 148 367 612 155 74 417 219 629 644 8 203 673 50 540 231 542 42 512 580 172 444 563 351 57 439 331 165 564 35 618 602 334 436 513 488 509 382 158 590 325 317 244 449 366 83 132 359 124 95 238 295 538 101 645 47 691 275 211 554 461 129 607 94 564 419 33 525 100 342 414 577 658 657 477 476 191 608 134 314 2 524 608 692 76 4 190 66 430 400 71 343 680 677 588 696 547 621 520 99 414 385 127 372 493 603 299 683 663 584 296 116 559 355 107 634 510 296 699 391 148 221 33 127 197 621 274 196 693 245 294 406 629 420 229 421 474 679 555 436 563 302 552 421 656 658 507 617 406 505 308 5 26 340 283 374 412 557 569 404 101 314 262 30 33 490 602 507 469 609 242 483 210 245 355 318 203 161 234 60 118 541 64 295 333 498 668 196 354 689 52 455 302 313 636 487 254 689 293 22 597 686 656 107 231 311 424 585 471 109 96 40 102 311 334 586 108 454 81 462 442 132 368 195 596 455 681 150 443 425 323 492 411 279 50 93 41 625 129 663 33 224 3 286 534 336 171 641 241 404 554 134 687 221 329 583 675 461 184 570 186 506 361 48 236 562 292 276 486 420 391 670 643 393 256 628 180 426 568 421 129 574 6 116 94 334 150 221 247 333 242 432 290 602 631 526 615 222 253 400 641 95 369 35 487 624 662 119 502 681 539 630 6 696 197 100 330 346 472 576 130 13 459 420 66 541 397 680 62 101 379 154 196 199 340 134 123 453 252 76 585 242 5 591 238 354 142 19 151 613 46 281 625 656 152 142 496 700 121 9 100 651 162 447 149 653 33 423 405 284 498 289 526 655 179 215 308 320 233 610 384 278 190 460 233 493 601 180 492 21 188 44 123 349 642 272 301 674 146 157 410 96 445 235 50 76
44 509 547 133 418 383 562 60 142 246 552 43 425 496 215 612 539 338 412 480 61 164 606 206 320 315 301 216 1 502 443 601 310 442 185 180 124 198 239 417 443 242 459 167 37 126 230 575 463 641 507 523 256 412 180 575 178 633 242 178 434 685 78 44 578 414 375 1 611 613 417 353 306 328 671 343 453 352 369 367 444 327 341 699 190 520 573 367 452 266 544 186 402 73 381 279 486 207 279 396 271 148 200 576 627 322 370 379 673 39 197 416 365 537 414 555 356 438 221 260 4 217 597 405 289 429 684 227 635 414 74 357 13 274 232 639 595 602 469 20 640 665 435 456 653 149 462 461 38 135 20 41 351 68 598 91 648 581 469 34 446 543 390 611 116 621 549 162 674 470 181 65 586 68 521 539 368 434 299 405 568 470 598 370 689 495 613 636 527 381 669 424 223 358 334 490 430 335 104 404 104 436 468 141 503 440 679 170 174 429 27 41 350 624 563 338 418 627 425 396 307 545 119 682 202 605 623 84 239 26 487 494 462 254 634 264 146 65 586 319 493 612 511 295 535 373 84 404 299 509 251 58 353 369 191 7 273 113 90 663 139 28 456 52 433 390 315 578 454 352 196 398 263 7 692 249 531 228 104 282 36 354 491 540 175 681 546 599 93 87 562 383 266 469 434 699 158 201 576 63 552 224 613 267 382 56 515 364 283 71 645 318 424 435 310 50 567 307 649 660 546 662 342 111 430 76 109 40 276 137 102 279 512 14 545 193 222 512 556 504 582 653 274 457 539 583 507 406 189 455 517 34 568 158 145 297 385 405 488 112 693 590 391 504 55 235 148 428 198 156 232 79 260 505 536 250 539 342 655 27 248 623 213 115 233 509 563 617 365 351 29 358 392 571 313 598 257 613 326 455 220 557 533 479 513 520 28 351 313 135 529 560 57 193 126 289 1 141 358 518 643 386 327 334 408 91 383 664 3 160 418 222 168 251 700 680 222 180 482 535 466 311 394 522 655 672 263 108 112 620 625 54 457 251 539 164 341 373 127 496 533 545 17 700 247 169 680 468 500 613 454 265 375 148
45 330 271 500 437 382 571 361 587 327 63 577 642 403 249 221 198 81 65 367 81 463 687 212 382 486 124 136 50 499 435 287 128 157 87 16 690 657 376 576 436 438 604 377 292 152 597 642 233 113 460 465 27 446 676 561 231 251 696 432 49 582 18 328 190 104 343 179 213 170 54 648 59 109 476 351 260 525 444 644 637 355 408 116 100 535 676 482 86 123 213 286 156 230 614 345 486 256 523 150 426 28 249 484 136 24 286 395 700 181 339 637 535 198 204 86 33 179 567 270 301 231 555 456 613 468 252 398 176 74 699 53 101 247 688 236 422 426 82 422 58 572 510 593 222 13 130 254 191 149 675 643 379 529 550 291 449 101 140 624 174 138 128 426 536 115 113 258 540 194 131 598 218 640 642 439 104 223 144 446 371 118 388 50 98 389 340 546 489 632 621 114 221 48 539 57 315 103 466 306 296 596 355 665 687 296 403 90 671 698 687 341 115 374 390 365 214 182 210 154 265 283 267 485 330 257 541 96 359 458 402 106 505 56 71 491 504 625 32 474 623 18 114 37 543 656 401 208 137 63 361 401 345 627 337 126 335 330 222 693 87 75 99 592 282 321 534 85 245 566 10 167 35 276 356 30 231 208 237 519 270 598 371 66 676 7 344 311 336 17 303 575 91 553 466 372 173 299 609 570 316 618 36 503 193 391 684 575 599 220 393 320 269 215 386 397 222 181 7 9 197 461 583 439 466 500 110 638 251 170 507 18 240 695 520 432 385 503 307 435 175 151 55 595 366 592 291 39 72 449 47 268 210 82 6 127 581 267 216 283 589 175 301 128 169 120 559 5 75 317 440 401 620 494 447 437 385 190 475 456 638 673 175 299 54 332 425 87 50 641 369 638 115 121 65 435 241 76 439 467 544 178 319 463 123 217 199 507 406 673 414 344 98 40 94 303 371 671 389 573 611 210 510 177 330 575 63 22 650 501 640 493 679 410 408 253 627 606 212 332 31 625
46 128 117 373 582 639 343 423 511 405 632 321 33 413 347 95 587 448 595 678 392 25 388 99 278 466 157 489 249 339 565 528 618 133 200 499 72 694 221 34 550 304 506 582 169 152 128 55 51 22 184 443 199 23 693 628 488 301 568 189 639 584 16 556 17 367 355 240 360 27 273 209 331 231 242 499 382 369 5 585 542 340 479 40 363 471 119 302 224 138 490 162 22 657 170 190 323 676 581 134 2 153 494 484 535 35 434 217 555 590 253 397 230 31 588 44 501 7 345 176 144 287 338 317 243 659 506 566 634 386 151 87 691 645 571 525 131 304 193 686 346 445 382 575 627 421 70 580 579 414 55 175 152 392 491 395 350 449 412 435 286 14 522 428 658 392 405 89 147 597 226 492 494 59 518 420 479 587 299 358 453 354 532 604 197 474 450 699 374 313 433 660 327 254 387 284 97 91 524 244 140 201 187 85 259 5 656 190 43 255 547 647 60 530 551 408 455 452 406 129 65 291 88 391 696 626 126 93 169 650 488 460 302 674 544 561 130 499 50 325 205 48 271 264 29 273 672 483 25 529 63 89 271 302 631 267 228 56 359 548 157 146 307 459 271 150 471 553 648 520 177 153 19 599 568 47 172 691 681 348 672 196 588 242 497 518 508 176 25 166 23 182 463 329 640 186 478 562 190 578 381 366 182 551 264 49 49 587 192 181 234 163 376 121 404 173 90 364 348 115 681 371 296 596 699 387 81 629 248 270 506 80 87 139 630 502 187 130 389 530 310 74 692 686 347 548 310 436 363 657 550 343 479 297 390 630 683 470 558 382 191 515 613 429 653 542 383 291 123 223 121 433 296 264 418 642 263 27 378 625 135 379 420 614 676 109 543 110 31 552 492 373 366 404 102 318 398 636 60 520 158 180 404 453 596 121 395 158 299 224 235 434 602 106 499 577 214 341 687 396 344 630 69 9 485 322 478 334 257 537 306 414 169 9 166 64 130 12 373 580 387 607 465 289 12 263 317 378 55 455 73 398 384 293 558 321 614 487 654 322 324 259 35 644 268 353 159 549 516 531 580 203 590 345 643 53 59 259 430 114 166 655 663 549 247 521 321 313 307 275 634 82 685 669 177 404 473 335 404 288 166 284 490 207 80 432 259 138 143 689 251 308 95 366 308 341 338 629 653 644 355 587 178 339 7 506 195 479 141 598
47 458 333 8 664 412 591 222 2 33 362 252 492 456 69 100 249 406 180 201 502 686 239 679 476 245 484 670 175 76 20 241 533 352 248 496 216 138 170 217 323 531 620 266 439 689 365 687 394 696 339 195 681 30 325 457 274 261 578 601 336 597 141 321 249 540 116 464 129 437 132 603 268 51 169 158 39 685 144 585 681 634 231 113 663 556 21 389 116 599 289 603 495 581 223 195 572 491 658 700 227 241 55 646 292 223 103 482 359 398 366 491 332 597 604 446 604 624 134 171 674 574 73 469 454 448 663 325 238 73 477 616 313 531 562 56 205 116 538 563 514 355 506 297 251 409 42 306 484 328 476 610 201 1 378 655 448 492 431 137 16 359 204 329 341 217 536 697 333 373 560 298 28 517 594 430 225 87 36 160 414 663 69 615 663 598 21 562 390 603 150 405 262 354 185 54 570 173 51 354 545 62 103 24 578 696 606 254 235 93 413 100 55 634 166 170 531 186 183 372 241 333 77 654 138 413 7 159 585 209 513 582 270 615 57 299 63 662 552 449 206 417 548 413 350 14 34 180 351 216 4 43 548 80 696 137 644 155 296 681 363 260 562 85 174 70 383 388 32 387 136 389 103 136 101 452 149 134 83 651 502 86 694 349 317 141 638 413 295 233 393 110 492 406 194 117 475 28 505 658 414 92 347 516 227 599 419 527 185 654 630 686 191 623 486 660 63 423 524 510 655 368 619 598 73 112 15 699 291 671 657 5 62 455 672 441 505 543 419 689 648 348 126 138 270 64 249 485 486 72 294 593 439 364 642 663 475 656 662 217 626 70 221 140 524 345 580 480 187 450 621 134 98 46 423 519 109 124 455 47 195 48 91 86 411 32 200 337 140 161 6 65 382 226 356 357 22 387 137 360 137 57 645 234 102 368 204 363 643 659 561 289 158 651 374 21 134 26 357 273 186 362 490 20 40 145 376 61 532 512 573 668 568 517 353 122 184 556 636 126
48 496 415 672 598 240 692 31 265 500 456 603 314 245 622 505 541 297 17 524 261 589 643 128 406 295 401 41 303 336 319 268 131 185 391 180 576 534 211 293 486 118 195 251 514 268 55 354 16 223 330 276 112 272 556 669 19 408 9 473 44 479 40 326 663 431 506 539 416 168 131 201 285 477 451 98 196 657 603 211 180 384 639 291 656 646 259 126 353 419 598 396 198 637 174 312 519 679 302 235 298 584 435 34 512 338 283 7 294 185 370 473 569 460 215 676 405 625 101 209 344 698 605 693 86 230 456 605 360 58 291 657 93 177 690 605 514 272 611 260 608 432 32 628 191 247 55 47 323 307 256 666 456 312 110 542 541 18 598 352 75 188 308 167 516 449 223 482 172 286 41 231 17 224 311 360 622 365 558 245 672 113 362 427 576 472 420 568 489 317 219 15 656 678 333 624 426 556 405 49 293 445 432 461 668 42 120 590 558 678 134 681 242 495 560 118 418 279 137 358 48 356 524 155 333 309 78 211 164 482 411 608 378 142 368 346 335 488 387 193 617 672 173 310 618 32 579 488 463 16 145 662 523 121 116 155 429 346 517 44 279 380 651 657 521 318 454 156 257 292 500 325 263 672 635 180 156 665 667 70 680 264 31 502 384 298 109 112 643 77 307 374 456 257 330 429 26 235 36 283 526 535 607 88 658 693 419 113 658 538 334 89 253 364 43 88 662 303 351 56 379 657 429 287 213 210 15 238 444 50 672 269 36 31 508 693 23 379 258 132 368 591 373 620 407 415 7 368 17 357 575 395 465 304 133 677 513 147 366 257 348 490 677 535 520 637 680 694 315 237 278 682 279 650 53 685 364 59 504 380 567 379 226 331 682 359 459 646 657 276 354 457 217 331 291 36 419 270 182 33 658 611 166 237 560 218 373 375 428 177 206 446 555 583 228 688 393 686 633 350 413 439 258 630 221 700 117 639 422 450 123 379 360 288 67 371 657 440 45 384 68 250 281 622 285 508 61 677 645 145 326 357 583 35 438 103 35 555 193 456 304 315 286 116 602 353 486 558 244 531 393 311 232 673 384 516 480 444 645 424 40 270 233 623 457 670 177 491 676 370 398 280 136 683 547 38 487 332 47 182 314 440 492 698 564 327 513 496 222 457 219 262 179 603 336 87 573 664 577 548 333 426 279 469 560 125 658 347 609 4 528 222 595 472 219 611 98 184 406
49 92 76 33 422 679 368 508 3 331 536 2 116 261 433 36 121 9 145 619 617 300 598 139 347 369 509 257 619 692 662 390 236 189 574 657 319 393 465 321 175 452 475 442 165 207 477 437 367 73 355 284 373 252 574 19 73 382 275 691 526 388 532 61 576 405 17 195 97 633 667 271 537 593 165 1 99 641 437 466 14 91 201 538 494 74 556 566 607 282 8 432 121 539 644 696 243 113 342 491 45 461 214 33 353 378 33 604 470 621 521 635 11 21 472 657 246 479 522 152 60 530 36 180 520 679 328 63
50 121 5 288 581 218 320 386 47 505 289 517 425 261 451 588 281 375 544 678 153 365 129 365 346 164 544 166 295 323 380 385 444 384 672 476 54 444 313 100 248 601 68 672 313 519 559 593 345 554 570 497 371 151 161 16 466 157 333 60 631 164 445 526 700 568 302 53 311 614 304 10 667 372 134 279 342 144 324 686 698 345 634 368 495 247 535 413 403 168 472 485 331 368 311 482 236 64 534 698 677 290 160 95 661 293 526 302 436 301 439 433 645 372 100 592 618 635 304 472 254 75 257 36 443 567 518 130 630 503 279 58 92 438 305 52 30 282 505 618 582 243 350 678 615 602 569 684 688 324 456 241 551 12 428 445 30 245 574 659 200 152 168 291 42 472 495 71 53 299 688 86 694 490 64 608 391 84 591 530 560 498 70 410 509 649 306 538 194
