16
33 37 37 36 35 33 33 38 34 39 35 32 36 30 32 30
115
1 2 2 3 7 12 13 14 16
2 4 1 2 6 7 9 10 12 13 14
3 9 1 2 3 10 11 12 16
4 13 1 5 6 7 8 10 12 14 16
5 9 1 3 4 5 7 8 9 13
6 1 3 9 12 15
7 1 1 13 16
8 15 1 3 4 5 6 8 9 11 14 15 16
9 1 1 7 14
10 4 1 10 14
11 2 2 4 6 9 15 16
12 2 1 3 4 5 7 10 12 16
13 14 1 3 4 5 6 11 13 16
14 10 2 4 6 12 15
15 4 3 6 7 9 13 15 16
16 8 1 2 3 6 7 9 11 12 13
17 15 2 3 4 5 8 10 11 14 15
18 8 2 3 5 6 7 8 13
19 8 7 9 12 14 16
20 13 4 5 6 7 8 12 16
21 14 1 3 6 7 9 10 11 12 13 16
22 12 2 4 5 7 10 16
23 2 1 3 4 8 9 11 14 15 16
24 1 1 2 4 5 6 7 9 10 11 12 13
25 2 2 13 16
26 13 1 2 8 10 11 12 16
27 3 2 4 5 6 7 10 11 12 16
28 4 2 5 6 9 10 12
29 8 5 6 11 12 13
30 6 1 5 7 11 13 16
31 15 3 4 6 7 8 10 11 12
32 15 2 4 6 7 9 11 13 15
33 1 1 6 15
34 5 1 7 8 13
35 4 3 4 5 7 10 11 13 14
36 1 6 8 9
37 13 1 2 3 7 8 10 12 13 14 15 16
38 7 2 3 6 8 9 10 13 15 16
39 6 1 2 6 8 10 12 13 14 16
40 15 7 8 9
41 3 5 6 9 10 11 12
42 8 4 5 7 8 9 12 13 15 16
43 2 2 4 5 7 9 10 14 15
44 5 2 3 5 6 8
45 1 2 3 4 6 10 12 14
46 12 2 3 6 10 11 16
47 15 5 7 8 11 12 15 16
48 12 2 3 4 5 6 13 14 16
49 2 2 6 7 10 12
50 6 1 7 8 9 11 12 13 14 15 16
51 10 2 6 12 13 14
52 5 3 5 6 7 9 10 11 12 15 16
53 1 9 11 14 16
54 6 1 2 4 6 9 10 12
55 2 1 4 7 10 13 15
56 11 2 3 8 12 15
57 1 2 4 5 6 7 8 9 12 13 14 15
58 9 1 6 9 10 11 14
59 6 3 10 12 13 15 16
60 3 4 5 8
61 15 13 15 16
62 5 3 5 11 16
63 8 2 4 5 6 11 13 14 15 16
64 12 1 3 4 5 6 7 8 10 12 13 15 16
65 2 3 12 15 16
66 12 2 3 6 9 11 12 16
67 7 2 8 12 13 16
68 3 1 4 5 13 15 16
69 11 6 9 11 16
70 5 1 2 3 5 7 8 10 12 15 16
71 3 1 6 8 9 10 11 12 15 16
72 15 1 5 7 16
73 2 1 4 5 6 7 8 12 15 16
74 12 1 2 4 5 9 12 13 14 15 16
75 5 1 2 4 7 8 9 10 14
76 4 3 8 9 11 12 16
77 11 1 2 3 4 5 6 7 9 12
78 1 2 4 5 11
79 1 3 4 5 9 10 11 12 13 15 16
80 4 4 5 6 7 8 9 10 12 14 15 16
81 12 1 3 4 5 9 10 13 14 16
82 12 3 4 6 7 9 10 12 13
83 8 7 8 14
84 10 1 2 4 5 7 8 10 11 12 13 14 16
85 12 6 7 8 13 15 16
86 6 1 2 4 8 11 12
87 4 1 2 4 9 10 14 15
88 2 3 5 6 8 9 10 12 13 15
89 5 1 2 3 4 6 7 9 10 16
90 3 2 8 14 16
91 10 1 3 5 8 12 16
92 4 6 11 14
93 13 2 3 6 9 12 16
94 15 1 2 3 6 9 10 13 14 15
95 14 1 2 3 5 6 7 8 10 11 12 15 16
96 7 1 7 11
97 1 1 3 5 8 9 12 14 15 16
98 13 1 2 3 6 7 8 10 11 12 15
99 8 5 11 12 13 14
100 2 2 3 4 5 6 7 10 12 13 15
101 11 4 5 6 7 10 12 13
102 3 1 7 9 10 11 12 15
103 5 2 8 9 10 11 13 14
104 11 2 7 9 10 13 14
105 1 1 3 7
106 10 2 3 6 8 14 16
107 4 2 4 6 7 8 9 10 13 14
108 7 3 9 10 15 16
109 1 1 3 6 7 11
110 6 1 2 4 5 6 9 10 11 13 16
111 7 1 2 6 7 8 9 10 11 12 15 16
112 1 1 4 7 13 15
113 5 2 3 6 10 16
114 7 3 6 9 11 12 16
115 11 3 4 6 7 8 9 10 11 12 13 15
100
1 107 3 85 113 107 111 75 92 59 105 108 59 25 15 82 33 87 5 105 67 61 45 35 60 49 60 47 18 37 42 15 28 61 1 42 69 112 2 62 55 106 55 15 33 86 96 65 57 2 71 25 63 115 59 7 65 20 70 99 57 13 113 101
2 114 28 26 12 46 88 83 36 44 114 85 14 111 34 87 113 6 111 60 5 72 83 70 108 55 70 66 67 68 52 42 83 96 84 111 26 56 95 78 1 110 48 31 105 98 2 4 104 15 80 10 103 48
3 95 4 51 46 87 20 114 13 4 94 97 114 21 54 110 115 55 104 64 85 110 47 104 114 52 20 78 61 7 10 59 101 30 109 31 2 13 46 14 16 41 12 31 61 66 42 78 22 30 26 8 24 89 13 22 42 32 100
4 38 11 63 24 58 56 71 59 85 2 89 2 59 101 49 22 68 90 99 106 4 9 113 44 115 28 83 41 59 84 45 97 111 107 5 53 64 92 13 50 110 102 51 54 104 99 75 73 73 58 63 93 83 77 39 99 104 6 25 48 89 86 29 84 95 50 39 43 26
5 110 21 37 45 91 42 46 50 114 20 9 78 113 108 40 36 92 45 58 18 109 31 103 39 16 99 88 54 27 16 7 21 53 60 82 28 102 29 94 2 49 4 80 63 111 21 115 104 82 57 23 76 104 28 114 4 11 104 75 54 21 81 91 90 42 75 2 28 103 112 47 36 115 28 98 12 65 97 18 31 55 40 8
6 84 24 47 95 29 23 50 49 5 26 23 46 100 41 91 87 37 22 25 53 66 7 81 15 6 98 62 60 40 70 5 8 93 51 4 23 90 54 71 94 79 110 24 80 35 16 68 88 37 92 42 102 1 7 18 6 105 80 82 46 34 86 53 28 38 57 50 29
7 22 7 90 16 48 71 67 63 23 56 2 115 97 5 115 103 23 22 109 4 5 39 37 108 92 81 47 50 32 76 61 70 82 52 102 31 7 53 94 46 108 95 62 89 1 61 93 23 99 87 26 6 10 79 113 3 61 61 52 109 21 14 63 5 65 49 35 88 3 13 36 12 9 97
8 27 60 95 66 60 66 109 65 92 72 79 112 35 25 48 28 62 79 108 66 45 58 101 35 78 15 70 89 41 68 108 67 12 87 17 72 54 27 38 47 99 2 43 35 43 108 79 104 71 88 55 115 31 57 34 10 88 5 115 30 73 107 96 84 78 15 57 33 41 95 80 41 113 7 92 40 114 56 45 69 28 1 86 75 74 21 101 47 26 101 76 98 92 74 83 55 105 42 87
9 38 68 88 35 75 64 91 90 21 37 61 66 38 31 42 13 51 28 59 93 13 37 92 104 110 60 43 1 3 32 47 40 99 19 74 75 100 66 50 22 102 110 87 41 42 31 54 92 58 14 87 70 50 63 58 61 24 3 78 26 51 10 65 51 45 40 28 46 105 77 68 109 88 56 51 31 86 104 24 28 20 110 114 86 58 57 32 81 76
10 107 11 20 73 78 65 113 105 12 4 83 79 112 72 37 65 102 7 70 11 52 89 5 50 60 62 8 108 45 100 3 53 12 23 10 90 104 7 79 115 11 64 96 24 20 17 88 7 40 43 17 108 33 38 60 92 2 84 84 46 69 104 98 80 11 107 71 16 16 52 15 26 115 12 66 36 28 56 42 85 115 75
11 32 113 21 26 114 7 11 61 75 114 43 56 26 51 29 41 66 80 73 108 96 84 76 16 14 16 58 98 32 17 59 80 31 97 105 46 103 1 106 79 114 50 36 25 101 64 82 68 28 39 78 25 25 38 41 38 70 115 20 3 33 95 82 64 93 72 109 97 89 2 60 87 51 96 13 53 61 112 6 106 35 100 15 76 22 72 113 108 71 17 110 104
12 76 69 106 49 79 88 22 80 49 11 16 46 40 68 107 36 90 97 88 74 111 48 112 68 46 104 40 79 115 45 92 93 113 100 43 94 72 65 58 22 92 90 68 16 60 59 52 51 57 41 10 69 88 6 21 35 12 78 114 28 7 107 5 22 91 65 115 64 14 74 86 105 66 38 22 27 113 90 77 54 15 86 7 103 109 45 39 22 7
13 49 30 46 71 51 38 20 67 102 50 43 89 56 10 11 77 36 8 52 112 78 83 100 84 87 93 30 11 114 53 64 64 83 11 19 35 49 55 4 52 104 46 25 61 72 35 23 107 59 91 103 38 75 87 23 47 81 53 74 96 105 22 45 72 33 80 9 98 37 12 34 42 74 58 103 30 109 27 21 69 19 25 106 93 14 13 41 94 82 114 92 72 38 21 45 87
14 53 69 38 64 4 80 22 61 84 51 71 110 88 24 13 113 31 7 11 60 48 6 27 63 97 115 100 19 44 88 21 97 58 75 62 61 56 84 23 24 36 93 18 9 18 47 6 65 54 33 27 101 38 53 65 20 69 50 38 112 39 75 110 97 35 57 42 90 25 65 114 60 59 33 85 77 80 90 43 18 7 69 20 62 23 84 81 91 35
15 105 74 95 99 55 14 57 113 5 81 62 20 43 6 53 29 99 17 4 43 51 27 14 70 105 36 55 70 29 107 107 35 65 86 35 21 1 92 18 22 74 97 42 1 4 94 47 4 12 67 46 62 93 59 33 83 112 87 54 42 95 45 76 44 32 110 81 32 86 1 71 45 97 112 62 100 107 108 5 3 59 50 64 54 11 113
16 24 84 108 65 64 55 25 9 86 36 107 20 24 107 90 85 105 86 31 106 77 41 110 96 1 61 61 71 88 58 10 111 26 3 60 106 57 101 17 44 39 25 63 62 16 54 31 22 24 78 12 2 20 23 114 38 100 59 108
17 1 3 68 44 22 30 34 78 32 67 6 87 91 86 50 8 24 97 46 65 60 57 83 96 96 82 18 81 25 28 38 26 30 7 69 51 53 4 30 102 88 52 73 80 39 8 88 63 104 35 12 65 109 111 46 89 77 80 71 4 107 108 29 38 17 114 105 69 19 36 55 106 88 30 88 28 37 77 90 42 111 3 9 104 114 71 78 92 35 33 95 44 43 25 81 76 40 88 46 59
18 101 66 112 32 38 25 85 114 16 11 12 19 19 115 34 89 94 10 26 29 7 69 88 48 51 48 88 23 93 48 31 95 15 44 11 70 68 95 85 84 8 96 4 26 96 37 17 91 63 42 4 69 12 91 2 62 23 106 85 18 38 17 112 52 60 8 23 30 4 108 15 11 88 18 54 85 71 70 61 18
19 64 104 24 57 7 85 79 112 71 96 51 104 110 4 66 19 27 95 22 19 109 33 8 28 103 93 98 57 55 115 86 3 5 109 59 11 95 40 24 68 37 74 56 31 95 23 49 6 19 71 41 29 5 48 56 9 42 38 65 96 55 35 1 76 45 59 87 41 115 12 108 37
20 66 67 82 88 18 87 107 105 29 20 11 76 93 19 20 32 83 115 86 19 115 64 80 76 35 5 75 63 15 111 50 80 80 16 69 97 102 77 103 15 114 113 108 108 16 12 24 115 28 12 35 28 75 114 103 109 20 62 73 51 75 8 32 56 23 101 37 27
21 24 58 94 38 50 86 53 78 110 52 106 6 86 35 80 101 22 90 22 100 47 73 76 54 104 16 94 106 69 5 70 109 62 48 31 14 19 83 108 13 36 98 35 23 34 114 8 55 105 47 57 36 4 34 107 107 50 85 98 20 89 69 14 52 1 61 82 36 46 75 48 81 74 99 6 108 97 30 64 86 76 5 24 79 39 15 71 105 1 70
22 89 23 39 42 40 2 9 76 47 100 25 29 75 9 34 67 105 64 33 93 24 54 1 103 109 32 75 98 32 46 9 22 85 64 80 9 65 105 84 111 89 109 42 49 2 75 17 8 40 49 100 81 5 2 85 113 50 61 113 81 106 6 4 75 69 84 83 36 90 69 31 64 62 89 14 63 66 47 87 105 113 89 87
23 90 56 114 42 1 13 24 8 18 28 82 104 13 67 24 102 20 71 67 98 45 97 62 12 29 33 1 43 6 105 44 113 45 59 39 46 72 62 70 106 89 37 111 3 5 19 105 24 107 56 23 53 55 84 64 83 1 81 27 7 70 70 4 115
24 42 62 3 5 16 11 94 69 6 113 90 42 102 15 33 60 37 85 114 5 50 98 6 15 9 29 102 95 32 101 26 90 64 29 94 96 56 89 67 61 87 41 102 90 56 19 51 109 5 49 114
25 48 21 86 73 49 89 52 97 91 95 88 39 8 66 36 63 57 102 25 45 45 12 19 2 47 70 110 69 20 10 24 68 30 11 42 78 99 94 76 74 73 48 112 97 16 50 61 72 53 102 1 97 113 36 115 62 7 12 15 27 21 38 111 51 49 37 30 32 32 106 8 6 38 21 4 70 70 64 26 8 51 43 6 65 96 6 11 102 17 25 30 37 80 25
26 30 79 36 78 12 26 85 18 80 106 21 35 60 102 77 67 54 22 90 20 2 95 48 5 13 72 35 66 53 76 72 82 39 107 45 51 34 14 85 15 4 105 66 81 108 28 49 63 66 23 83 84 19 15 105 31 103 24 114 58 100 70 24
27 78 85 107 111 99 76 10 4 83 76 84 75 5 18 40 87 57 24 72 76 55 61 8 42 85 6 1 86 92 25 10 54 11 19 49 11 94 76 15 61 53 115 38 74 34 77 45 91 100 1 51 39 61 75 97 47 81 98 34 74 24 61 13 34 79 78 45 57 38 76 3 90 75 57 48 11 18 109 101 19 11 53 74 89 12
28 20 109 54 71 68 94 16 80 13 94 42 74 52 97 34 54 88 10 12 38 20 29 31 22 64 42 91 22 32 5 94 68 113 49 23 82 28 38 63 40 33 7 15 85 103 65 40 92 74 52 14 111 97 45 34 46 103 10 84 19 14 79 103 28 13 11 110 40 48 74 96 98 80
29 67 84 76 106 61 34 42 74 46 41 20 80 86 24 89 71 59 4 35 47 31 64 57 42 103 6 18 100 103 97 111 71 83 71 62 45 6 5 3 52 62 40 33 49 80 23 5 24 26 39 70 73 4 28 17 106 50 34 107 55 32 4 10 114 74 88 60 96 110 63 49 56 4 81 105 83 103 109 8 13 49 94 103 52 6 21 59 56
30 67 110 102 70 21 3 45 109 62 25 103 26 74 60 29 39 49 14 44 59 21 73 9 115 60 60 22 80 20 94 35 86 105 22 57 11 24 101 4 102 28 8 13 3 67 58 58 18 71 101 76 109 59 85 10 20 46 31 2 66 10 36 53 114 74 110 9 114 112 29 101 41 53 113 43 5 72 101 39 28 103 114 21
31 100 30 83 31 77 101 113 86 21 67 102 112 78 12 12 75 41 112 115 110 11 60 16 83 62 54 12 49 53 49 112 54 95 96 101 56 81 98 44 3 67 47 16 29 58 28 103 115 41 5 110
32 64 10 53 10 64 64 75 18 14 88 71 108 68 74 65 50 56 108 70 24 39 102 53 114 14 40 113 72 61 9 25 9 19 77 18 99 42 110 18 55 82 105 47 52 63 13 3 21 6 72 44 61 59 96 76 89 38 91 45 98 99 86 107 19 47 26 2 88 20 19 44 102 9 90 55 88 5 57 108 10 14 37 87 89 17 65 79 54 40 26 37 23
33 45 42 60 70 60 49 107 96 93 110 6 84 49 93 88 105 86 114 20 24 103 10 57 52 89 13 91 114 49 15 11 110 73 70 81 18 4 72 15 113 66 20 81 16 112 54 6 99 52 42 24 39 52 81 90 42 93 82 57 43 97 67 54 54 39 19 88 59 91 102 56 58 23 21 91 20 91 113 20 28 39 61 83 107 26 75 33 20 58 89 79 39
34 17 110 113 35 99 56 27 103 13 102 10 33 77 46 26 74 66 70 14 28 37 6 70 13 38 89 71 29 69 109 103 85 5 100 21 6 40 65 108 52 51 2 101 29 48 11 4 15 80 17 42 19 22 111 31 77
35 101 7 54 112 109 23 18 93 60 23 34 9 15 85 76 17 87 104 81 115 107 95 96 26 38 16 64 33 47 25 35 49 31 88 45 41 12 63 18 71 102 51 97 2 37 57 35 9 46 115 25 54 111 5 79 33 38 28 82 84 69 1 17 100 88 79 42 1 43 60 71 29 12 69 47 49 11 98 74
36 97 115 109 109 21 90 26 58 2 107 26 70 107 60 71 96 40 113 96 82 74 69 12 85 22 76 35 49 58 108 104 57 107 115 50 13 89 93 70 107 101 113 61 93 74 34 90 113 31 88 96 6 58 9 90 96 101 10 30
37 19 18 2 28 34 68 57 24 45 28 15 31 42 93 25 115 11 16 14 58 103 11 63 45 20 54 26 5 80 72 65 1 89 66 45 25 36 101 48 80 30 80 110 72 57 36 88 84 52 102 43 39 112
38 101 33 60 28 55 42 99 4 42 89 87 86 113 7 88 63 103 2 44 98 73 2 18 63 85 69 49 29 10 62 35 12 95 94 39 51 37 22 71 78 12 42 65 27 65 37 106 53 56 34 52 30 35 86 92 21 57 42 66 66 104 100 77
39 95 17 52 17 55 7 111 66 49 61 109 15 114 99 67 71 34 20 101 85 106 77 7 47 21 72 14 26 56 107 10 36 25 78 52 79 84 64 46 34 9 40 49 25 40 17 95 74 37 80 43 44 59 50 107 79 6 5 6 79 13 32 114 37 109 67 17 77 15 62 111 41 3 44 82 43 77 61 18 15 43 77 58 101 11 49 81
40 70 103 14 82 19 29 20 12 95 36 88 11 115 100 68 2 45 34 61 7 95 78 21 39 40 96 41 67 29 23 2 1 10 15 82 28 60 4 39 56 39 11 67 38 111 36 57 57 70 2 63 66 80 101 104 21 81 29 87 109 51 106 109 60 22 93 87 82 113 10 22 36 37 88 91 49 9 32 106 95
41 70 45 14 55 33 34 20 61 23 31 13 13 41 72 34 35 43 17 32 69 39 85 7 28 60 56 36 108 63 32 42 17 76 56 89 10 106 108 87 30 40 99 42 98 55 93 17 114 109 49 84 32 18 91 60 94 48 112 86 110 46 12 28 6 67 1 16 75 11 4 104 67 103 48 49 59 25
42 58 35 16 26 84 50 18 45 28 65 58 113 76 103 9 104 11 93 6 43 69 33 46 57 100 33 104 50 92 30 17 51 82 32 93 50 98 111 111 10 77 53 7 38 58 33 43 68 27 48 110 95 98 57 53 99 107 42 33 100 88 67 35 54 98 29 5 98 41 17 107 3 87 16 40 29 65 82 113 91 31 9 87
43 82 24 13 73 82 46 57 72 14 108 10 111 22 32 110 62 65 102 81 36 2 5 81 66 103 95 58 36 103 46 48 70 69 78 44 53 8 101 9 21 93 35 33 16 66 28 95 33 31 60 68 49 65
44 114 69 30 73 104 35 3 54 6 88 16 49 25 40 34 33 77 29 68 11 44 35 55 23 67 85 83 37 18 49 87 33 19 18 7 8 52 9 78 57 114 93 8 23 17 41 73 110 86 42 5 32 93 60 54 62 46 38 115 81 103 86 113 7 5
45 14 57 47 91 15 45 85 22 85 3 80 59 112 50 100 18 81 94 94 37 40 25 91 39 7 79 26 21 85 31 42 115 104 89 107 20 35 93 42 4 95 23 62 108 89 63 10 72 59 104 10 98 30 100 39 36 63 81 73 49 13 115 65 18 88 73 38 24 50 96 28 46 20 106 38 108 71 65 64 14 70 90 13 99 75 68 36 39 51 108 105 63 9 71 81 113 29
46 22 95 17 66 26 36 73 80 28 28 29 109 58 98 83 88 98 59 40 35 98 90 45 104 55 53 59 37 51 87 56 89 67 89 39 109 9 13 73 53 41 102 63 115 101 48 87 84 106 29 20 105 3 64 110 57 19 54 110 86 42 67 59 108
47 114 3 48 11 76 3 68 79 65 68 64 112 56 32 5 84 52 11 104 17 6 62 35 59 57 5 100 8 63 110 48 78 112 112 89 89 114 58 52 64 27 1 77 83 49 81 68 2 92 56 36 114 3 70 57 76 75 58 83 39 52 32 19 66 29 107 39 27 66 91 107 93 108 69 77 58 51 29 77 44 85 112 42
48 66 115 64 42 58 48 98 109 80 1 76 10 9 115 36 74 107 45 68 1 15 29 58 65 58 19 11 44 32 52 32 115 69 112 41 11 44 40 21 25 57 97 34 65 113 87 41 6 16 108 6 30 39 80 111 113 1
49 41 32 75 89 31 28 102 89 55 47 30 92 72 87 90 105 53 87 93 93 92 108 103 97 39 43 62 35 40 62 57 80 110 33 70 26 77 56 16 33 102 45 10 58 16 99 65 69 88 42 63 64 52 67 63 90 109 26
50 33 104 100 14 98 17 83 25 94 23 40 11 27 102 37 101 2 21 50 87 108 109 52 73 45 3 20 36 112 62 62 29 50 46 60 50 79 27 74 74 67 16 102 110 2 23 95 20 60 47 9 69 40 60 27 101 62 63 21 75 27 99 6 76 46 65 27 27 91 3 100 59 18 86 53 36 11 33 72 70 96 97 41 20 41 67 22 5 31 42 79 57 43 84
51 88 33 61 114 26 63 1 84 97 103 39 34 113 88 106 85 68 87 10 87 30 76 108 34 8 51 112 65 110 81 1 100 15 61 98 40 26 115 26 7 103 64 58 100 36 48 69 5 36 95 108 82 55 2 115 80 52 14 46 64 94 46 48 108 106 47 50 33 47 75 40 34 40 97 35 75 46 104 96 98 83 88 65 40 89 81 21 42 94 66 105 89 111 37 82 3 84 33 36 32
52 92 65 31 90 99 7 20 104 102 19 89 91 100 30 81 66 50 7 61 115 14 35 110 67 18 14 52 50 49 83 41 25 32 88 114 33 94 35 38 97 54 11 72 55 40 54 5 106 60 66 105 90 100 1 42 2 15 110 68 80 78 108 105 11 97 103 43 75 23 81 73 93 108 46 32 50 99 54 40 60 4 47 35 5 64 93 23 78 87 90 43 66 99 49
53 80 36 21 56 75 3 13 52 111 75 84 45 58 22 101 19 42 32 70 63 96 47 85 75 36 76 19 3 76 84 79 40 5 2 112 79 4 26 33 16 100 1 77 59 39 63 77 97 111 49 44 108 112 30 85 32
54 103 52 82 89 32 23 93 33 19 73 54 44 105 86 45 7 48 103 62 12 81 43 7 14 103 17 11 17 101 59 40 105 110 6 78 44 28 72 76 63 30 31 106 36 2 35 60 49 39 6 77 22 66 100 35 53 1 62 87 101 23 11 108 34 34 70 77 78 44 38 26 73 68 16 10 86 68 69 19 8 92 95 29 42 80 64 111 97
55 99 100 49 110 92 83 45 63 44 7 106 98 32 80 68 65 107 38 17 60 74 41 53 70 70 94 51 35 107 33 61 90 17 12 101 10 94 30 89 39 37 80 39 85 61 106 34 52 45 67 14 3 108 66 90 62 62 25 96 53 74 58 44 90 69 30 1 64 59 90 103 112 71 26 82 33 33 115 102 77 67 115 97 59 82 71 22 45 95 19 97 54 76 26 45
56 72 63 93 15 37 97 29 9 7 110 41 56 11 27 18 94 43 16 54 10 86 75 54 82 93 53 37 54 95 99 100 51 46 94 82 99 76 110 107 99 6 49 40 17 76 74 110 3 89 49 29 59 25 100 42 3 37 79 73 33 62 57 100 9 35 66 107 12 78 115 111 83 48 35 99 8 10 111 28 98 44 73 58 68 57 99 87 110 79 44 44 42 2 28
57 54 94 58 65 56 57 77 23 105 13 24 14 22 19 58 4 79 33 61 31 89 62 20 101 25 63 29 67 82 74 18 20 52 76 101 9 34 80 48 40 92 71 71 114 89 13 19 52 62 97 100 36 43 4 38 67 83 83 35 66 41 53 102 109 30 88 2 63 69 50 103 45 5 75 60 111 87 79 64 34 60 65 86 4
58 25 70 70 9 7 20 50 76 7 43 105 111 62 52 64 111 56 108 17 15 70 29 4 50 110 54 109 59 41 14 46 82 100 115 90 106 36 24 66 42 84 55 54 30 9 2 42 81 12 58 113 81 104 18 15 98 71
59 58 13 55 103 94 39 4 85 30 57 11 112 98 94 69 54 25 94 55 66 59 83 8 73 65 111 90 79 110 62 5 53 74 59 57 69 115 61 56 46 2 66 42 1 61 110 54 85 88 11 35 49 110 59 6 60 72 96 40 66 59 62 20 35 5 77 5 21 39 60 66 57 27 108 74 87 4
60 56 92 57 107 42 51 68 47 110 41 44 35 8 103 96 28 39 2 6 43 23 61 103 88 2 31 97 92 3 101 6 75 94 62 84 20 15 36 66 9 93 12 60 100 16 40 29 54 59 51 96 98 111 100 87 14 16 69 106 18 71 13 109 49 92 77 68 106 14 35 114 106 63 59 108
61 115 38 16 75 89 14 57 84 15 29 115 30 114 105 64 69 2 58 19 93 36 103 100 50 22 99 57 102 59 66 64 75 104 97 52 77 110 108 62 9 38 61 56 53 67 4 6 86 78 24 80 16 28
62 65 50 65 23 36 25 89 1 1 77 97 52 55 108 62 18 2 99 79 57 37 47 77 59 17 57 100 114 72 12 80 38 78 29 60 15 70 50 16 70 11 14 24 82 7 85 100 8 68 80 81 6 11 59 82 45 115 66 60 71 77 24 108 57 69
63 71 23 4 103 109 15 2 17 113 8 101 97 32 71 78 112 93 89 55 59 35 72 9 94 27 103 2 20 44 87 89 16 109 92 4 4 8 22 21 23 29 23 21 60 93 99 73 71 72 29 14 8 100 40 101 29 44 4 48 87 90 38 4 100 31 7 5 56
64 25 78 73 48 98 34 42 81 8 14 54 37 45 61 38 84 63 66 12 83 15 115 74 69 3 58 2 27 63 57 71 104 36 29 53 35 79 95 18 87 108 88 25 37 34 62 22 113 30 33 81 44 49 39 15 52 114 16 95 78 72 50 66 9 95 4 60 59 115 77 47 9 50 71 46 100 34 84 97 63 2 79 9 67 3 23 3 18 38
65 95 11 49 62 36 45 65 95 5 81 57 51 90 8 23 37 107 57 5 105 4 23 69 29 90 88 51 92 105 105 108 101 17 41 47 52 102 112 32 107 94 105 59 68 14 82 104 5 40 11 11 60 33 96 89 7 85 41 1 74
66 108 59 64 50 106 18 36 4 66 44 114 55 103 67 68 86 72 89 27 82 1 86 17 97 76 23 66 2 23 42 49 32 2 14 81 9 31 19 29 96 62 28 52 66 94 21 53 67 109 79 51 12 50 67 108 10 89 75 28 14 18 93 62 20 107 28 28 22 63 57 3 9 101 71 92 79 92 29 47 102 10 97 113 76 48 105 102 39 82 15 69 99 9 15 20 115 59
67 22 6 6 41 32 8 111 25 86 104 70 34 91 79 16 88 56 80 95 43 3 61 74 88 61 82 5 81 82 63 30 5 86 52 62 19 59 74 60 46 63 14 79 38 110 94 27 50 76 6 109 95 83 84 68 29 68 72 109 51 36 23
68 23 74 18 58 34 91 2 79 55 16 42 109 10 38 21 76 15 26 70 109 109 55 61 22 7 34 32 57 70 54 111 109 29 30 52 79 6 53 42 60 68 100 54 94 39 91 72 53 1 43 47 11 97 9 49 104 43 80 45 112 35 58 7 80 87 58 43 109 111 84 71 80
69 9 76 9 99 32 79 1 91 10 12 72 18 77 60 77 42 7 90 76 64 97 41 52 39 83 46 51 69 1 33 39 26 10 64 9 58 44 26 33 53 54 104 88 16 66 49 57 72 41 34 37 22 91 88 77 59 18 13 29 18 62 84 43 71 49 68 30 93 111 62 47 49 67 36 81 17 102 39 105 27 90 26 48 65 114 9 25 33 38 53 51 99 38 110 71 87
70 100 64 75 63 12 25 32 48 8 48 34 46 55 77 20 80 9 102 95 34 11 13 72 64 80 72 101 91 45 89 72 46 54 48 109 66 90 42 15 97 89 65 44 45 26 81 27 34 67 6 84 77 35 57 42 16 14 45 9 58 18 80
71 89 13 15 39 102 56 70 100 47 19 28 91 44 108 2 94 76 25 62 38 59 4 96 92 34 25 100 108 60 81 112 33 93 12 88 96 84 42 80 15 60 108 106 5 2 9 98 78 33 61 17 109 64 112
72 97 39 86 89 115 51 103 49 46 16 21 26 99 79 8 114 40 17 6 44 18 31 43 112 64 103 30 74 69 44 60 50 82 47 41 98 97 45 31 44 60 68 87 43 48 94 58 87 110 80 32 29 111 91 43 76 78 72 34 31 115 110 98 98 41 40 80 39 84 12 100 28 96 71 87
73 49 47 16 60 11 47 88 23 22 32 98 2 104 33 32 5 44 31 5 84 70 101 25 38 113 9 82 93 79 71 23 29 2 38 88 29 85 77 52 8 11 51 26 114 84 58 20 29 105 24 15 60 27 39 114 24 64 98 18 44 53 40 72 71 78 61 99 64 39 52 88 66 103 114 81 88 73 101 1 62
74 15 23 52 70 22 92 18 21 110 61 73 51 34 28 13 111 28 93 52 80 66 2 67 64 83 39 21 85 56 82 110 71 7 47 25 45 40 60 65 34 22 22 85 56 66 114 68 110 92 21 74 59 23 42 7 7 97 27 91 38 10
75 10 33 50 34 77 90 110 26 25 17 64 11 89 14 10 41 26 3 79 99 61 3 43 67 9 24 110 1 78 21 102 87 71 54 23 32 28 17 58 52 50 6 80 23 37 89 81 79 108 44 62 53 46 6 21 71 47 32 71 9 69 74 96 41 12 20 73 56 53 32 10 103 37 89 10 90 79 90 53 71 35 17 25 97 39 62 52 85 110 24 94 80 115 91 6 28 110 78 84 47
76 93 34 47 83 61 39 46 52 108 1 87 26 42 85 65 103 39 34 97 62 29 78 78 4 83 106 15 45 74 79 55 68 14 4 35 74 59 80 11 51 97 114 77 40 100 43 27 23 93 25 102 7 102 64 27 87 54 59 33 12 22 105 96 35 108 15 11 51 111
77 3 109 53 96 33 37 23 76 60 1 2 46 24 6 109 67 92 48 10 9 76 31 113 57 83 7 88 93 74 101 15 77 94 84 57 29 5 80 104 64 97 8 11 22 13 5 88 6 69 98 14 46 30 29 102 112 52 92 106 11 77 22 87
78 105 45 100 110 26 106 75 7 113 86 45 10 107 18 15 77 115 45 7 46 90 109 43 27 85 33 54 63 72 42 19 61 86 4 72 112 109 32 20 106 19 65 17 27 99 31 103 98 92 109 45 84 4 87 110 105 22 65 52 93 106 71 55 76 74 29 72 67 60 109 74 95 58 90 6 41 22 10 40 113 3 84 98 7
79 92 13 111 41 65 105 31 20 44 9 110 72 80 78 33 90 36 29 32 27 34 89 48 60 30 62 63 16 45 86 105 38 98 100 96 47 89 28 83 34 36 77 8 18 56 40 107 91 69 41 19 4 31 66 81 61 30 28 93 74 15 82 13 112 66 108 61 56 21 28 89 73 7 96 90 79 38 99 55 8 24 90 28 54 41 108 16 87
80 108 62 51 74 74 48 41 84 108 96 6 37 87 78 60 84 70 24 6 53 95 30 76 69 58 31 11 50 47 97 87 39 43 22 15 19 86 55 102 95 53 9 17 41 86 93 9 57 1 32 109 112 61 86 83 3 2 93 70 48 92 58 103 19 79 2 54 67 74 40 46 11 48 62 68 36 57 93 92 74 9 103 71 87 73 38 106 91 32 60 40
81 2 28 44 98 29 97 49 102 39 94 14 103 58 98 40 114 76 17 72 84 21 44 55 110 81 46 86 15 7 10 22 26 37 65 25 83 64 90 86 102 68 2 106 27 99 31 42 59 64 16 45 84 59 1 78 42 63 48 56 70 75 94 112 13 44 21 95 9 110 66 12 79 84 2
82 67 32 49 11 112 64 55 80 8 72 43 49 20 107 6 106 66 99 102 96 44 24 75 52 35 42 63 113 10 82 5 77 15 71 104 12 19 60 91 43 16 35 108 52 44 113 42 11 97 45 106 42 68 83 94 102 9 58 2 36 41 23 14 56 93 19 67 112 78 59 56 110 111 49 47 39 46 105 49 44 35 57 86 102 24 81 106 49 40 107 84 81 14 114 21 9
83 104 22 94 47 77 106 42 10 54 97 73 43 31 18 77 104 103 81 12 85 88 60 27 79 46 107 109 44 29 19 61 17 40 56 80 2 46 24 11 99 5 100 44 52 3 5 40 7 102 51 109 74 13 20 54 58 11 65 101 39 83 46 72 8 102 36 26 49
84 53 33 81 38 93 34 40 97 74 63 101 26 56 76 55 75 32 112 102 96 115 42 80 62 113 104 48 51 14 114 11 67 48 108 104 25 27 45 23 2 107 8 44 48 101 99 24 17 95 11 14 94 52 93 58 67 82
85 19 95 5 46 63 52 39 51 76 82 112 99 100 104 106 28 53 108 11 93 9 8 103 22 3 57 115 60 25 98 67 43 94 71 88 42 8 28 92 83 109 89 66 93 94 74 23 48 66 33 25
86 40 30 113 43 103 14 4 12 111 70 71 107 26 43 33 33 88 26 17 81 16 100 76 109 75 98 58 42 32 100 18 72 31 33 16 18 46 19 46 59 106 1 50 16 60 82 65 32 107 98 15
87 82 107 18 41 106 93 100 22 77 2 110 107 34 27 26 97 63 88 40 53 105 106 68 66 89 34 98 97 16 14 6 98 22 41 40 12 18 24 50 111 43 45 4 93 71 46 74 18 18 15 87 7 5 56 72 110 89 71 92 7 101 97 6 7 39 45 35 56 86 102 68 30 48 71 7 3 1 98 38 35 112 26 41 19 82 15 13 55 85 6 61 88 103 83 111 26 13
88 99 115 34 68 46 81 24 52 100 41 34 39 93 48 65 18 66 31 49 95 102 36 101 65 8 105 32 3 32 61 50 32 77 83 100 7 48 25 59 50 82 109 88 59 58 37 94 25 67 27 5 54 62 7 20 86 13 51 89 44 112 40 93 73 25 77 97 89 3 57 23 84 50 111 28 10 32 23 34 1 49 55 71 13 61 90 115 73 42 105 19 38
89 111 13 54 89 109 27 91 50 67 76 1 62 5 27 110 27 61 12 93 115 82 7 78 73 6 52 115 111 87 54 25 99 66 95 72 76 23 64 27 106 25 45 52 29 71 64 73 33 75 50 50 59 56 12 16 78 80 15 73 52 86 114 35 53 110 9 14 35 89 57 25 113 3 77 44 74 42 1 8 1 67 57 59 24 85 92 101 50 8 76 3 93 74 54 31 86 62 61 5
90 19 29 50 22 105 110 112 48 12 4 49 78 61 9 101 30 2 104 96 10 64 98 102 22 37 34 9 115 94 13 69 113 42 4 36 48 15 32 96 27 52 46 104 112 71 107 44 73 95 41 82 43 24 85 81 77 4 90 93 114 102 47 13 28 67 48 93 81 96 73 107 33 3 113 46 73 104 106 47 83 32 13 27 55 115 107 33 3 81 27 1
91 73 14 14 41 78 106 7 59 63 15 91 82 29 38 57 17 29 103 1 60 18 27 16 17 19 48 19 1 74 36 85 49 66 99 89 29 89 112 104 54 29 96 20 57 18 76 74 46 81 91 105 115 3 22 16 38 69 51 38 45 103 8 93 54 8 83
92 96 80 104 51 108 84 71 49 3 48 24 49 30 115 55 29 19 77 44 56 47 111 93 91 99 2 85 54 9 53 37 7 34 42 57 43 10 29 108 12 77 17 77 8 33 17 37 51 110 80 106 41 93 100 34 76 102 3 14 12 72 67 35 7 108 109 66 19
93 59 30 115 92 9 8 26 25 44 76 36 25 83 93 2 84 11 94 87 31 9 99 4 75 35 11 84 28 76 102 50 36 34 66 12 42 90 37 83 35 14 20 60 113 112 78 99 8 74 70 38 82 70 58 59 105 68 27 34 46 31 83 98 64 51
94 7 25 48 106 60 79 10 21 93 6 115 76 13 73 31 67 57 2 27 115 106 94 43 42 41 73 9 24 38 76 35 44 101 99 34 62 79 60 82 57 66 98 34 95 56 81 64 14 83 90 13 90 85 55 16 11 30 42 51 67 2 102 111 4 102 46 82 66 106 65 24 73 48 57 52 5 23 115 18 105 89 30
95 76 101 112 103 15 55 55 99 56 41 94 77 44 41 43 109 48 108 17 5 57 91 74 61 113 73 78 4 64 107 99 41 109 112 28 26 51 82 9 9 7 4 85 67 44 29 61 109 38 94 15 94 69 88 39 83 63 1 103 28 9 87 68 20 100 95 45 36 61 53 44 84 56 30 35 99 75 112 109 15 91 9 108 61 96 49 46 43 66 33
96 92 4 22 111 104 18 40 41 78 92 101 46 32 15 98 32 106 94 26 5 69 51 15 32 31 80 77 91 30 109 45 6 15 84 1 20 101 57 77 81 33 62 28 81 93 10 113 83 104 40 105 74 90 21 105 5 100 83 112 31 94 59 37
97 27 54 46 29 13 7 11 45 68 39 11 45 48 25 29 36 64 35 12 55 55 1 59 39 101 73 70 79 16 8 105 59 78 35 87 107 41 98 37 10 38 64 71 85 105 1 23 53 36 34 107 90 51 67 31 36 24 2 16 39 26 5 97 5 56 86 112 96 85 33 7 7 113 77 91 102 95 15 56 15
98 64 6 99 32 36 19 73 54 52 111 79 56 110 84 112 97 80 109 66 14 18 89 28 111 81 31 90 96 86 104 28 51 12 28 82 64 64 39 3 115 52 81 72 63 49 85 44 30 96 11 43 113 1 70 108 81 100 100 78 87 105 8 22 1 35 6 65 115 44 67 114 112 49 88 59 98 74 4 29 54 14 72 68 31 43 78 112 28 62 91 16 51 98 38 69 35 60 18 34
99 101 50 2 51 22 60 50 112 64 79 51 94 35 20 10 77 97 23 6 60 113 39 111 113 76 81 32 37 115 65 41 2 114 42 52 37 4 102 34 84 65 101 62 1 22 88 77 4 12 100 63 27 23 75 24 115 57 55 36 56 21 93 57 20 20 109 73 23 95 8 106 61 108 69 61 15 59 39 35 70 40 114 96 62 91 21 78 32
100 15 105 96 108 46 17 12 56 89 51 52 97 41 112 106 11 74 22 69 113 73 41 37 72 21 1 64 42 78 112 18 93 101 15 102 49 31 15 104 22 65 58 3 7 71 10 17 30 49 103 27 6 28 63 94 65 63 42 8 43 56 26 37 41 40 23 89 88 37 95 109 3 54 13 9 9 22 42 38 87 46 64 93 73
