18
40 32 39 30 39 40 36 32 32 32 35 31 36 38 39 33 31 5
250
1 663 7
2 1337 3 18
3 973 15 16
4 518 18
5 80 4 13
6 661 8
7 283 13
8 390 3 11
9 1178 10 14
10 532 1
11 610 10
12 646 8
13 378 16
14 16 3 14
15 227 10
16 563 1 6
17 5 3
18 1445 1
19 1342 3
20 704 14
21 1064 11 13
22 464 12 17
23 434 18
24 223 13
25 1076 14
26 387 14
27 599 1 9
28 1213 6 7
29 1035 16
30 701 6
31 755 7
32 1354 8 18
33 513 12
34 588 1 7
35 1317 13
36 979 2 6
37 6 4 18
38 1429 3
39 1146 1
40 1253 8
41 109 10
42 1257 6
43 1171 5
44 886 9
45 1401 8 15
46 1169 6 10
47 200 4
48 267 14 16
49 377 1 18
50 270 2
51 1349 5 15
52 276 10 17
53 1189 13 18
54 997 2 7
55 706 9
56 758 6
57 888 3 5
58 373 11 16
59 334 17
60 818 1
61 196 1 8
62 1242 11 15
63 712 2 15
64 1459 2 11
65 65 2 7
66 132 16
67 1475 4
68 119 10
69 962 18
70 52 4 11
71 363 5
72 1334 1 5
73 1322 1 13
74 1363 4 13
75 668 5 8
76 390 18
77 18 15
78 1259 7
79 842 4
80 669 3 6
81 297 1 12
82 819 14
83 411 6
84 990 2 5
85 903 17
86 391 17
87 350 6 7
88 571 18
89 1134 10
90 678 8
91 1465 3
92 16 4 7
93 401 3 14
94 1062 7 10
95 195 1 12
96 1000 7
97 234 10 14
98 1465 3 7
99 458 3 14
100 1219 3 4
101 847 5 17
102 328 9 12
103 1037 11 12
104 570 9 17
105 183 2 5
106 1323 16
107 370 5 9
108 480 2
109 316 8
110 1216 2 3
111 975 7
112 1352 3 6
113 236 2 15
114 1055 17
115 1474 14
116 1256 7 18
117 1234 10 18
118 867 15
119 185 8
120 292 7
121 387 6 18
122 865 5
123 656 8 14
124 379 7
125 589 7 14
126 332 2
127 1161 11
128 122 13 18
129 702 2 8
130 941 3
131 800 4 7
132 346 10 14
133 1131 3 4
134 1304 6 8
135 352 18
136 534 11 18
137 913 5
138 1494 4 7
139 446 8 10
140 1390 4 16
141 818 13
142 1448 4 12
143 755 16
144 725 1 4
145 448 18
146 1335 5 12
147 65 6 8
148 633 4
149 244 5 15
150 214 14
151 1234 2 11
152 184 10 11
153 1350 3 14
154 1065 11
155 1253 2 18
156 533 15 18
157 1174 11 12
158 1399 9
159 105 14 18
160 1088 1 12
161 344 2 12
162 651 2 6
163 1453 2
164 455 4 7
165 922 7 14
166 1142 4 12
167 619 4 18
168 153 7 11
169 355 2 5
170 1467 5
171 671 7
172 1029 11
173 534 10
174 1476 2 10
175 754 14
176 1190 6 12
177 836 12 15
178 357 6
179 827 12
180 1336 7
181 331 13 18
182 1255 8
183 803 1 14
184 621 13
185 1125 8
186 1263 5
187 289 9
188 1343 3 11
189 570 12
190 312 11
191 1233 13
192 1272 12
193 1044 12
194 209 4 7
195 1291 8 11
196 970 14
197 1373 8 14
198 274 3
199 631 5 12
200 683 12
201 332 7 16
202 1254 8 10
203 88 3 15
204 293 1
205 1266 6 17
206 1184 15
207 1308 2
208 771 9 14
209 287 7
210 1221 11 15
211 226 3 16
212 902 14
213 266 8
214 1125 5 12
215 568 5 9
216 355 11
217 1105 7 16
218 722 3 9
219 407 3
220 1053 14
221 470 15 18
222 23 16 17
223 542 8
224 1481 17
225 623 1
226 1258 11 16
227 743 3
228 1298 3 18
229 686 6
230 755 10
231 82 6
232 1356 10 15
233 420 9
234 81 14
235 443 18
236 999 12
237 368 17
238 394 2 17
239 665 11 18
240 942 16
241 778 1
242 190 9 14
243 561 2 15
244 1379 7 15
245 114 8 9
246 203 9
247 946 8 10
248 584 7 10
249 986 6 14
250 1044 13
90
1 42 147 118 16 142 129 32 117 70 170 144 120 211 16 181 198 246 28 163 231 230 209 29 139 144 246
2 160 39 109 58 182 5 175 197 248 54 228 114 225 249 7 197 209 124 229 9 120 108 171 100 88 232 230 78
3 225 54 34 13 14 193 194 120 118 140 117 23 117 230 99 217 89 45 176 64 125 184 183 233 206 135 70 187
4 249 164 89 155 197 101 168 242 45 38 109 36 154 131 5 236 229 221 176 126 146 239 250 181
5 232 239 158 153 175 21 152 190 211 56 239 62 75 230 208 112 88 95 118 70 99 205
6 70 232 25 67 220 127 248 95 108 236 104 113 12 227 116 202 187 23 42 100 97 21 159 61 108 4 178
7 102 234 178 171 215 55 238 36 181 87 131 140 174 234 104 37 210 219 238 147 241 131 98 190 151 7 250
8 10 29 138 111 12 168 134 78 222 223 113 4 59 243 245 84 79 99 120 38
9 210 36 160 90 236 201 241 242 52 100 1 182 90 213 45 7 198 122 80 170 234 83 80 79 77
10 157 175 33 46 94 242 184 105 81 169 55 173 160 208 125 12 139 214 76 183 220 24 54 49 45 37 233 125 217 59 37 123
11 171 21 31 14 56 237 197 224 41 119 235 100 243 98 238 206 173 170 27 48 223 75 93 111 57 69 78 218 207 52 155
12 174 185 141 229 23 87 202 63 58 38 162 50 135 1 108 160 170 134 59 244 61 151 104 219 71 33 38 28 187 192 155
13 228 147 89 250 86 142 164 245 32 177 44 166 177 3 177 198 239 236 191 49
14 45 119 59 179 157 86 115 98 92 77 178 90 17 29 175 158 193 169 41 221 65 59 148 169 235 197 157 72 138 205 60 34 74 118 212 230 55
15 179 146 5 208 235 21 237 12 30 179 32 71 1 198 129 250 117 215 197 23 37 84 80 198 117 5 65 180 86 221 108 116 218 112 74 54 132
16 65 14 90 199 84 90 146 64 90 114 28 36 239 166 119 68 113 87 174 29 16 9 249 226 124 216 87 197
17 71 108 186 84 197 134 19 37 132 82 228 97 211 13 85 127 233 4 91 171 177 120 38 37 220 13
18 186 202 61 57 124 169 242 59 217 228 77 105 211 10 82 159 72 94 96 50 178
19 141 98 128 112 238 16 81 250 28 118 53 89 174 176 109 18 86 75 97 14 180 159 125 11 67 197 207 162 246 236 113 238 186 92
20 173 107 32 24 237 149 77 177 175 104 35 192 42 109 140 55 38 48 180 151 216 228
21 230 223 194 194 63 129 137 161 51 95 192 75 81 91 3 109 15 208 143 58 249 104 49 156 243 198 187 143 163 164 101 244 136 45 39 198 25 175 211 76
22 4 2 202 94 106 61 210 165 55 119 16 158 167 171 3 114 107 247 129 20 98 224 7 244 13 57 18 39 17 195 58 122 48 112 216 5 24 27 170 180
23 37 190 164 207 192 28 165 188 8 36 137 231 144 130 243 200 250 32 68 46 191 190 196 154 7 200 177 135 221 107 132 7 46 148 65
24 175 229 26 34 116 163 14 112 144 7 61 245 140 231 41 80 22 88 234 130 37 12 116 8 220 248 116 117
25 181 205 171 11 83 204 127 245 69 90 240 75 150 235 66 232 127 146 105 214 231 86 102 94 202 109 166
26 77 32 47 7 89 69 119 171 124 97 17 192 186 6 119 188 92 184 21 218 181 126 33 161 63 135 107
27 95 22 18 171 155 64 29 95 234 148 117 107 244 133 49 180 241 167 117 184 100 137 152 31 114 184 43 177 170 1 144 15 124 162 185
28 77 214 123 61 111 92 167 206 224 67 135 66 233 1 250 185 240 3 67 103 38 211
29 208 212 25 222 85 38 8 215 114 221 190 174 183 31 193 139 4 9 125 172 94 228 23 28 217 127 196 171 164 156 154
30 117 30 46 54 67 54 18 32 126 207 206 59 237 148 49 93 8 173 14 101
31 138 128 218 14 73 241 177 81 144 2 197 173 47 250 91 202 120 122 78 76 77 238 63 76 36 7 84 60 20 184 62 157 164 29 22 88 19 198 168 14
32 217 186 98 68 128 49 187 250 228 115 178 215 29 106 102 35 189 14 54 224 75 62 239 205 83 77 76 132 244 89 35 62 127 234 130 106 134 66 105 112
33 33 178 60 138 30 94 178 43 249 3 219 162 242 25 96 68 100 228 163 41 114 225 19 97 206 124 230
34 229 91 155 113 19 214 102 150 58 131 44 56 133 12 218 124 36 63 191 238 142 206 28 107 32 148 203 237 21 183 109 101 125 13 65
35 227 166 144 136 46 187 43 179 198 112 154 86 27 95 73 20 152 202 127 183 99 79 169 221 113 27 72 238 142 136 232 220
36 126 207 51 62 249 81 112 111 235 49 239 181 223 8 82 174 134 14 124 65 34 94 177 162 165 164 53 153 146 124 56 21 80 208 184 79 39 147
37 23 47 29 55 19 138 238 44 22 103 167 86 136 11 12 149 27 28 54 179 173 177 86 45 7 44 80 187
38 79 79 206 125 209 112 246 96 99 39 219 201 206 54 86 216 168 234 242 195 37 23 219 66 108 115 174 151 194 212 84 124 40 141 249 248 2 96 195
39 134 164 152 89 69 89 156 88 175 250 134 211 22 102 128 129 216 51 132 12 12 67 237 153
40 235 2 61 182 197 115 66 110 16 6 178 105 162 16 131 161 149 193 34 103 71 162 170 121 145 33 235 212 20 137 21 106 139 183 38 187
41 103 46 165 210 75 121 121 192 1 133 193 193 166 147 13 180 66 236 74 201
42 35 220 60 157 75 50 90 214 236 238 168 133 152 128 60 22 100 103 124 233 45 67 250 43 181 179 109
43 105 161 89 241 130 1 148 56 50 89 20 138 76 187 20 80 166 79 203 16 34 77 248 78 245 99 223 175 28 183
44 234 93 235 224 222 235 121 129 35 209 148 24 137 187 43 216 102 224 168 117 7 96
45 186 90 65 158 117 194 90 161 177 34 145 2 5 130 123 236 16 183 235 39 69
46 183 136 125 8 156 93 116 1 59 52 91 225 61 59 20 3 219 48 36 113 49 143 94 23 128 211 206
47 101 126 135 136 114 9 143 19 101 9 121 11 162 63 87 222 121 106 76 89
48 112 54 156 106 249 178 233 62 235 196 162 213 80 47 76 190 190 94 143 50 214 5 211 27 92 34 147 49 110 88 156
49 243 61 76 241 90 160 52 75 105 66 37 37 112 214 78 153 57 72 202 122 77 14 250 20 48 147 170 157 86
50 229 78 237 54 170 77 65 222 151 169 37 39 57 250 2 135 5 160 58 206 31 134 72 31 153 119 29 175 127 216 249 105 43 236 10 212 62 74 35
51 94 173 204 151 173 205 137 177 216 194 234 98 180 55 230 184 25 110 108 151 75 107 107 219 194 116 181 5 41 67 170
52 240 123 137 162 179 23 190 144 68 173 241 247 80 221 181 104 80 38 107 7 246 65 225 189 181 7 45 221 74 214 207 165
53 93 76 116 115 15 9 35 39 102 31 118 174 63 74 105 203 32 111 50 96 188 239 128 194 33 201 119 99 157 33 36 250 210 152 216 76 12
54 115 215 133 84 138 47 157 95 249 188 57 49 136 244 139 13 188 23 213 56 121 120 191 9 221 150 160 186
55 23 38 192 238 22 25 227 68 34 173 169 73 230 217 208 223 207 221 160 229
56 68 202 6 8 210 226 9 221 14 234 243 51 175 82 174 200 161 241 85 83 159 157 62 227 115 35 183 187 46 14 221 215 215 227 222 174
57 231 246 67 66 238 219 241 172 142 42 82 235 228 164 143 134 78 222 248 112 6 36 9
58 7 224 85 85 47 110 138 129 105 205 195 195 25 37 116 167 180 49 151 157 212 145 40 141 218 140 2 224 175 113 94
59 86 31 219 132 140 107 11 245 163 205 189 187 93 54 205 22 102 105 30 165 102 69 56 69 60 159 144 87 21 90 221 208 120 190 90 9 148 202 105 162
60 43 98 100 198 53 121 151 9 150 168 212 70 75 31 232 85 26 68 208 115 38 165 86 79 4 197 226 57 51 137 64 196
61 163 245 241 135 146 101 136 165 63 206 239 195 187 73 220 106 30 187 245 195 22 74 50 70 151 107 121 140 170 168 78 83 162
62 69 57 168 205 221 230 12 61 174 198 134 246 155 15 34 149 61 157 74 111 227 77 69 97
63 90 14 145 24 27 64 93 84 231 47 156 63 58 217 88 107 202 185 113 68 218 113 129 125 187 91 101 115 159 49 182 248 164 178 124 190
64 216 125 73 114 133 237 23 201 177 129 152 111 93 219 181 205 199 55 243 39 7 107 49 55 140 149 70 67 22 111 57 237
65 130 202 118 218 224 68 144 204 71 5 46 141 185 250 90 91 243 230 97 201 29 3 91 177 72 157
66 182 214 36 19 195 237 238 162 62 55 158 15 227 162 162 220 198 13 59 140 5 38 88 58 168 90 148 94 13 54 41 46 119
67 167 165 16 154 179 77 61 86 193 37 99 104 6 148 117 166 37 223 56 124 30 223 65 177 67 77 83 209 224 201
68 140 218 4 44 146 81 104 231 125 140 181 229 248 78 197 163 114 21 70 89
69 43 153 79 211 229 13 21 54 66 9 194 33 115 237 30 47 90 10 171 81 190 1 78 119 197 93 232 70 162 172 222 56 74 152 16 154 165 139 207 82
70 150 114 113 136 143 159 77 4 182 158 45 182 87 163 231 31 246 50 193 167 123 100 92 24 218 245 188
71 201 19 206 203 234 69 88 228 79 17 83 10 26 229 44 214 141 126 245 238 175 39 6 47 138 97 172
72 91 110 62 144 230 18 96 66 188 35 145 16 51 228 128 76 206 23 40 199 148 136 38 174 174 44 72 163 140 243
73 83 204 181 226 184 50 173 101 237 207 245 105 8 74 84 185 132 106 76 80 3 211 117 28 134 12 99 47 4 91
74 86 45 96 163 80 146 85 32 234 41 26 88 150 202 171 187 83 128 12 14 232 223 232 9 106 244 209 4 247 50 169 184 196 117 96 127
75 32 158 97 174 35 37 176 236 59 112 68 39 123 81 20 95 63 131 53 158 89 56 154 240 77 189 185 45 136 163 158 167 70 106 192 105 142 219 192
76 80 10 91 203 192 110 149 106 92 53 13 181 211 18 170 37 206 207 81 91 119 90
77 41 47 153 247 189 121 188 93 201 49 183 5 241 144 5 96 236 58 211 166 18 228 187 54 36 245 236 126 216 177 87 6 223 239 2
78 109 189 105 161 238 139 165 80 33 170 27 18 79 237 35 96 67 73 1 102 68 236 79 33 14 165 140 236 153 141 101 114 181 57 24
79 196 41 99 228 62 228 97 140 66 233 235 132 55 235 85 224 72 164 108 187 78 247 24 83 239 124 48 22 181 173 41 126 213
80 205 126 219 51 117 136 33 101 18 189 187 204 15 110 117 122 46 47 221 172 231 61 45 28 82 77 200 225 54
81 216 8 140 36 160 7 23 44 209 40 233 248 244 247 209 212 220 107 8 190 28 238 103 72 117 184 1
82 158 54 183 225 62 174 112 221 32 135 15 93 26 99 90 121 197 150 83 166 6 192
83 33 32 60 207 250 95 207 168 105 10 100 181 173 126 43 246 157 29 112 249 54 210 190
84 156 90 211 173 95 152 232 230 35 143 38 35 238 244 54 194 105 154 124 130 29 166
85 37 194 236 36 100 47 77 126 202 166 86 226 113 89 60 194 226 202 231 112 41 224 165 234 180 170 108 59 50 125 35 87 171 122 224 122 168 50
86 221 68 184 197 32 22 6 225 247 59 205 210 202 30 125 185 61 44 144 222 94 121 6 32 143 128 5 14 45 156 10 118 75 193
87 106 66 171 182 165 81 136 124 32 17 248 69 78 144 212 151 89 184 156 120 76
88 226 89 32 233 200 149 58 142 64 15 60 86 197 224 166 184 97 50 201 197 118 130
89 181 30 30 115 37 1 42 24 78 131 55 60 80 55 117 74 220 234 133 55 180 208 72 113 54 121 165 102 238 146 43 21 27 174 237 64 174 28 189
90 10 95 163 192 149 29 15 118 114 249 24 43 206 95 8 111 216 24 213 55 170 107 177 196 31 163 111 56 43 49
