144
2 3 2 2 3 3 3 3 3 3 3 1 3 2 2 2 3 1 2 2 3 3 1 2 2 2 2 3 1 1 3 2 3 2 2 3 2 1 3 1 3 3 3 3 2 1 1 2 1 3 1 2 1 1 3 2 1 2 1 2 2 1 1 3 1 2 3 2 3 2 3 3 2 2 3 3 3 1 3 3 2 3 1 2 1 1 3 1 3 1 3 3 2 1 2 2 2 1 1 2 3 1 3 2 3 2 2 2 3 1 2 1 3 1 2 2 1 2 2 1 2 2 3 1 3 2 3 1 3 3 1 3 1 3 1 3 2 2 1 1 1 3 3 2
90
1 491 18 26 56 57 102 104 117 125 139 143
2 684 4 6 7 18 21 46 62 77 78 79 85 87 100 106 108 112 126
3 336 5 42 43 50 52 68 96 103 107 108 122 136 139 141
4 219 6 7 9 20 30 33 45 48 55 57 64 72 79 89 103 140
5 240 1 9 27 39 41 44 54 59 68 75 79 98 107 115 116 127 130 138 143
6 496 5 8 9 10 16 24 30 35 51 60 80 81 83 88 120 126 128 131
7 411 1 8 27 30 34 39 59 86 100 138 140 142
8 561 5 22 30 34 43 46 54 94 108 117
9 217 1 14 22 24 25 46 49 51 53 58 75 80 96 112 134 135 137
10 111 18 19 21 27 38 53 55 78 107 109 134
11 344 11 12 14 18 34 37 42 52 58 66 69 88 90 93 123 130
12 594 11 24 36 41 50 56 58 64 75 105 115 119 136 144
13 581 9 19 51 52 54 57 86 97 105 107 138
14 470 18 25 26 28 31 37 45 55 61 64 78 85 92 99 111 121 138 142
15 145 2 9 28 30 32 34 39 48 59 84 91 105 113 128 144
16 125 4 15 16 18 65 72 79 84 85 91 95 96 108 110 114 138 141 143
17 708 11 12 15 28 29 30 33 39 45 50 55 84 87 95 106 138
18 659 6 16 41 50 58 79 80 94 95 101 107 114 144
19 260 21 31 37 49 60 61 71 82 85 86 91 93 96 97 99 112
20 340 18 35 52 59 63 74 92 96 108 109 117 128
21 136 1 9 19 34 38 48 55 62 70 87 92 110 111 114 116 122 134
22 767 3 17 21 52 58 69 72 81 84 107 117 121 123 131 133 137
23 134 19 23 47 48 65 77 78 90 112 114 123 135 139 141
24 160 4 12 67 86 106 114 124 129 140
25 238 13 42 45 52 54 59 61 69 72 74 76 96 100 106 115
26 675 30 33 35 43 55 63 72 73 86 102 109 119 130 135 144
27 773 12 19 27 32 40 44 55 77 83 118 121
28 707 13 17 21 48 49 72 119
29 326 10 13 19 24 28 46 53 83 105 142
30 458 27 40 48 55 69 89 91 95 97 102 130 142
31 735 13 17 25 36 44 45 46 53 62 64 83 86 100 108 114 115 125 136 144
32 516 1 60 67 72 81 96 102 111 125 130 141
33 101 11 27 38 42 46 61 75 88 93 102 105 108 109 121 124 129 137 142
34 203 4 7 10 29 30 32 34 48 75 77 84 85 91 105 113 120 128 131 139
35 181 8 55 61 62 69 90 111 115 130
36 561 14 17 18 22 29 44 48 53 59 62 69 80 81 100 105 109 126 127
37 206 9 21 22 50 74 85 93 104 108 115 121 131 135 143
38 565 11 25 34 42 44 45 51 68 86 99 111 115 135 138 142 143
39 664 6 8 29 35 94 110 119 120 132 143 144
40 101 7 42 46 60 63 88 107 144
41 524 20 23 57 67 102 103 105 129 130 136 139
42 192 8 10 15 22 36 45 54 69 81 95 103 107 113 127 140 142 143
43 464 2 7 24 37 44 48 50 70 73 96 108 131 134 137 141 143
44 249 6 16 37 40 48 52 54 62 72 78 83 84 93 98 103 135 139 140
45 785 2 7 28 43 45 51 55 56 64 65 66 69 129 136 137 138
46 670 5 18 30 40 77 101 102 109 116 118 122 128 130 131 138 141
47 700 3 10 11 16 28 56 66 68 81 86 89 119
48 388 3 21 68 78 85 90 96 106 142
49 779 15 18 21 27 28 31 36 37 38 47 57 58 78 95 100 106 134 143
50 571 19 32 42 43 60 67 74 80 90 92 113 129 137
51 252 33 48 55 63 74 90 102 126 135 140 144
52 687 7 19 20 27 34 44 56 80 88 107 113 116 117 121
53 468 5 37 49 57 62 64 69 75 90 96 104 106 122 124 141
54 208 14 32 33 54 60 68 71 72 111 113 116 119 130 142
55 103 8 11 34 70 89 91 103 124
56 742 7 18 25 35 37 43 44 79 87 113 115 126 128 131
57 204 28 48 65 79 102 103 134
58 222 1 6 16 18 22 47 48 59 72 75 85 106 124 138 139 143 144
59 251 6 23 24 45 72 98 102 120
60 166 14 20 47 79 107 140
61 297 7 13 14 19 24 44 46 47 50 52 75 90 115 123 133 134
62 273 7 15 18 24 59 65 66 97 101 130 143
63 731 2 3 40 44 50 57 73 99 101 130 134 139 143
64 215 1 6 13 15 19 55 67 71 72 74 126
65 662 4 6 15 19 22 43 54 59 82 92 105 130
66 187 22 39 99 103 107 115 120 127
67 626 10 17 23 57 60 84 109 112
68 782 33 35 40 48 63 85 104 105 115
69 543 1 7 10 56 59 61 75 77 81 90 94 99 104 108 109 133
70 643 13 59 65 77 81 82 88 111 115 117 125 126
71 709 1 15 25 26 48 61 66 124 143
72 272 11 15 29 62 75 78 87 118 121 122 125
73 737 20 51 64 80 117 121 125 134
74 290 24 25 48 57 58 82 94 137
75 785 2 3 13 34 39 43 47 80 89 96 117 144
76 733 1 73 87 97 100 103 142
77 292 2 3 15 47 57 63 69 81 88 127 133
78 205 2 15 18 20 32 50 52 63 83 102 114 128 136 141
79 377 23 26 51 53 56 57 73 78 90 91 95 99 104 114 132
80 249 6 14 19 22 35 62 67 69 71 83 90 105 109 117 120 122 128
81 324 3 6 11 22 35 39 47 53 64 76 77 84 91 93 119
82 662 9 15 19 21 45 60 69 74 77 96 102 138 142
83 719 4 12 19 35 39 50 52 78 80 107 127 138 143
84 462 15 25 30 35 40 91 100 118
85 733 6 8 17 24 54 72 76 113 119 133 135
86 616 14 41 46 49 74 82 127
87 207 3 7 36 76 80 106 123 125 139
88 773 1 18 30 36 43 55 64 65 68 92 98 101 124 126 136
89 501 6 22 28 57 73 86 88 109 121 140
90 640 38 42 45 46 66 81 95 102 107 137
200
1 40 67 76 11 12 29 20 64 11 87 89 9 2 23 35 90 13 32 33 6 7 50 11 17 5
2 69 70
3 49 47 29 25 33 39 88 61 20 61 33 17 21 4 18 44 38 69 18 31 63 75 89 22 85
4 78 51 46 57 41 5 66 31 81 8 32 79 30 51 11 25 29 32
5 46 75 27 76 54 19 11
6 18 84 85 85 72 46 40 90 86 44 65 78 87 34 19 75 26 70 85 50 8 78
7 16 24 27 53 78 45 63 26 62
8 20 56 90 27 6 51 74 11 78 62 7 21 80 43 46 59 90 57 67 77 5 44 63 83 6 50
9 31 37 61 49 56 79 48 83 46 60 66 56 47 37 25 68 79
10 75 47 80 42 75 29 8 28 1 1 86 50 38 26 86 60 74 13 48 83 57 3 52 85 21 9 83
11 38 71 35 22 28 25 25 64 53 33 54 53 33 49 64 32 74
12 1 57 85 11 11 52 13 62 8 33 32 90 39 31 71 74 15 60 8
13 85 22 71 48 74 65 58 47 58 41 29 21 59 23 31 69 36
14 3 43 38 86 43 38 27 75 21 41 6 80 41 90 11 22 10 84
15 67 2 16 70 82 88 38 15 28 69 50 32 33 3 31 28 7 69
16 43 89 56 48 41 7 9 51
17 18 7 89 85 8 66 64 52 63 63 66 52 41 77 84 35 41 76 63 47 54 78 89 15 6 46 55
18 55 15 15 34 21 13 28 81 41 53 42 65 78 69 27
19 55 72 63 6 57 87 14 21 36 13 35 41 20 51 66 36 65
20 70 48 55 59 38 5 74 41 69 61 19 5 50 35 38 74 40 5 32 54 77 68 28 73 70 47 33 46 45 59
21 76 16 89 44 15 55 79 17 34 49 35 90 61 70 38 44 71 4
22 34 80 15 23 62 84 32 56 39 76 24 74 61 2 34 66 16 89 55
23 32 65
24 83 87 60 30 41 41 33
25 36 74 2 59 7 85 90 62 34 37 48 69 7 49 12 34 26
26 50 58 55 25 49 48 21 18 39 23 20 34 62 18 17 63 38 24
27 89 85 15 35 42 83 3 90 56 36 26 80 86 45 44 72 55 1
28 35 2 77 54 35 48 33
29 73 70 74 2 68 31 16 12 34 60 14 86 77 50 73 66 7 79 72 78 44 72
30 78 35 27 3 69 75 36 30 19 15 65 20 45 57 87 56
31 18 32 48 4 43 30 32 49 18 13 36 23 46 76 10 81 65 65 21
32 10 12 29 76 39 48 30 5 6
33 57 23 79
34 78 31 5 71 41 75 45
35 7 1 23 17 43 87 81 25 7 52 37 35 89 75 44 29 41 49 38 60 33 26 35 21 18
36 53 58 24 8 5 30 60 79 8 64 76 50 88 44 11 34 41 10 70 46 90 73 57
37 42 89 24 38 71 41 77 34 60 62 41 64 54 62 52 61 35 89 21 32 5 83 28
38 54 59 52 53 41 18 51 44 69 74 82 49 76 30 44
39 2 46 70 55 17 84 77 13 82 7 45 86 52 34 54 15 2 16 30 5
40 80 10 63 26 53 74 11 83 27 18 84 35 87
41 13 80 86 26 72 55 32 29 16 65 83 82 28
42 21 84 54 63 56 27 50 18 62 60 10 88 77 55 84 36 64 7 25
43 84 58 76 25 87 53 51 41 44 40 10 27 34 25 51 51 13 62 68
44 31 78 34 70 4 27 15 68 85 1 51 78 59 88 64 17 50 24 57 55 26 28 43 21
45 55 71 27 26 48 10
46 87 43 88 1 32 64 30 26
47 80 66 84 77 1 10 88 77 28 52 12 17 5 32 31 59 64 19 47
48 28 65 70 33 24 70 64 87 9 51 22 50 78 68 88 79 77 85
49 67 46 38 83 12
50 75 33 4 3 79 24 83 53 3 77 76 34 12 34 4 62 17
51 12 84 50 52 33 44 78 9 52 25 53 25 55 38 57 58 2 7 43 46 21 8 32 6 41 43 1 45 67 70
52 40 25 19 1 57 24 78 27 37 12 80 62 28 79 80 85 42 87 89 88 17 6
53 75 9 34 37 15 10 16 73 11 41
54 11 59 77
55 86 75 61 75 46 50 25 36 6 66 84 4 63 10 62 54 46 70 87
56 84 58 60 66 68 62 81 40 31 29 89 26 13 21 62 59 70 86 56 75 61 49 78 86 20 11 49
57 80 7 20 35 26 41 63 3 13 53 4 43 81 2
58 3 22 39 61
59 86 26 37 56 36 76 51 56 87 61 83 38 67
60 73 2 52
61 56 26 7
62 68 87 22 45 51 5 45 22 57 40 9 3 58 7 41 18 62 89 79 54 36 17 27 70 19
63 24 36 66 82 57 5 78 78
64 1 83 56 74 49 58 82 14 25 88 16 4 21 14 44 36 11 61 24 81 41 26 14 76 53
65 42 57 45 82 68 45 74 86
66 84 53 72
67 39 31 22 4 14 87 48 49 8 70 35 88 20 60 63 57 22 68
68 78 75 52 18 81 35 13 71 80 27 52 49 65 44 32 68 57 29 77 68 36 56 12 85 37 33 57 4 54 87
69 3 33 77 72 23 73 84 55 62 20 68 20 46 22 52 76 40 42 24 69 77 80 42
70 26 74 51 81 89 47 16 54 41 2 35
71 36 29 80 8 10 58 79 18 41 40 55 42 81 78 21 29 67 62 23 55 8 74 7 6 82 75 59 33
72 4 58 74 84 9 81 55 66 31 72 68 71 36 20 23 76 40 14 14 63 36 30 70
73 37 38 63 21 6 5 58 61 24 3 54 32 45 19
74 76 52 37 18 50 56 40
75 57 15 10 82 13 40 23 83 38 60 55 20 28 59 39 88 82 42 14 76 86 84 45
76 7 81 88 56 47 90 52 65 14 62 56 26 63 79 19 10 10 35 29 37 4 67 35 47 18 10 32 14 3
77 46 9 67 44 27
78 5 78 11 18 11 29 6 73 69 76 44 78 20 72 25 75 11 21 32 28 30 25
79 32 63 11 2 1 54 28 37 58 16 47 37 78 75 4 23 53 79
80 41 61 48 27 45 58 47 38 47 76 63 12 69 87 22 70
81 37 8 33 56 75 41 2 62 26 6 84 40 46 22 42 16
82 68 61 88 76 8 6 61 32 69 1 28
83 71 76 36 40 70 1 24 21 55 47 46 22 3 47
84 24 89 83 54 28 15 13 14 74 18 36 68 49 37 57 48 69 43 46 18
85 8 3 42 62 49 49 45 13 6 22 36 56 66 89 45 80 63 58 25 43 56 2 1 54 59 48 84 11 55 11
86 63 65 88 86 23 46 41 36 13 24 33 30 89 84 75 40 56
87 64 8 59 66 60 74 34 18 67 6 34 39 51 6 13 48 54 88
88 4 85 30 27 27 60 77 72 44 26 38 9 89 7
89 26 67 13 21
90 42 78 79 80 39 47 55 48 10 52 13
91 46 43 53 34 64 39 16 17 64
92 77 24 21
93 12 49 81 32 56 32 20 7 21 58 15
94 15 76 88 80 50 5 32 64 39
95 12 16 73 37 30 21 22 12 37 33 61 27
96 78 58 84 84 40 13 8 77 79 83 74 68 4 79 61 67 79 27 40 4 61 76
97 82 60 6 80 2 28 16 28 16 35 21 61 74 85 69 22 36 23 58 13 79 46 36 55 86 24 5 51
98 42 45 38 11 50 27 65 78 42 2 55 38 75 25 73 69 3 5 14 78 62 79 66 69 76 82 64 9 48
99 55 90 30 2 62 79 28 36 28 31 38 82 68 22 17 13 52 71 17 28 58 40 68 85 18
100 39 43 23 86 28 40 47 57 3 19 7 83 16 35 23 15 26 53 36 42 65 50 23 43 39
101 82 16 89 61 30 37 13 14 32
102 53 41 58 56 59 64 48 36 60 32 51 86 46 86 37 72 7 21 24 45 63 67 22
103 37 51 59 49 65 52 12 79 2 69 6 22 5 15 58 64 47 18 59 54 65 58 36 72 40 21
104 64 88 10 86 86 60 54 7 86 68 18 37 69 87 42 1 53 57 58 78 65 37
105 80 11 66 25 44 67 8 32 41 57 3 36 52 62 52 58 20 29 38 18
106 86 59 59 48 77 78 35 13 24 5 3 87 70 79 40 9 48 33 49 14 35 46 28 59 7 47
107 35 84 57 4 79 25 24 88 64 64 33
108 87 37 40 45 69 81 85 39 90 79
109 14 24 42 3 82 49 49 31
110 43 87 10 31 73 86 29 8 59 23 46 17 21 47 62 51 89
111 89 89 6
112 12 29 89 14 72 9 24 64 15 66 22 77 59 5 72 49 64 2 71 19 18 53 66 41 14 26 58 64 24
113 21 87 54 19 10 88 79 34 61 3 61 83 79 29 49 60 77 22 23 19 3 41 34 30 81
114 55 11 72 79 74 2 75 89 72 47 86 60 42 57 25 12 11 13 3 59 35 41 42 57 60 44
115 3 73 12 11 38 22 44 78 57 8 62 55 79 18 51 11 21 69 35 33
116 9 35 9 43
117 12 62 6 56 30 60 90 41 32 89 62 76 76 28 83 10 83 33 27 5 43 10 35 39 42 75 48
118 83 90 74 4 61 80 21 53 49 21 3 81 71 65 28 57 54 20 66 8 14 54 64 57 63 8
119 66 82 14 13 36 14 87 2 36 38 74 88 86 56 1 38 37 27 27
120 42 8 30 50 22 83 75 40 18 83 6 83 36 20 58 34 85 54 87 30 1 70 80 48
121 42 48 34 68 74 88 71 82 27 82 13 71
122 52 88 21 19 43 18 38 10 13 32
123 9 62 25 41 51 34 90 2 81 33
124 65 30 63 18 18 55 30 88 83 43 48 65 61
125 82 61 61 57 2 85 27 25 71 29 37 14 28 90
126 60 82 31 51 55 10 68 71 39 66 25 43 75
127 65 36 42 87 6 60 89 52 87 75 84 25 74 59 15 73 25 74 27 17 87 43 26 64 75 26 1 9 30
128 59 57
129 62 53 77 32 13 90 28 88 45 14 71 14 28 15 90 64 41 69 60 45 4 33 29 82 86 37 73 70
130 39 52 29 54 90 60 66 90 87 63 44 62 5
131 90 72 19 63 22 49 32 29 14 26 57 5 21 56
132 53 22 78 14 50 3 65 71 69 26 29 3 32 1 60 50 90 41 30 24 24 78 17 52 2 42 19 58
133 36 7 77 57 47 52 69 49 78 49 79 14 78 82 45 78 51 56 39 1 48 24 76 35 40
134 88 43 18 56 67 53 24 15 19 32 28 49 43 16 8 31 81
135 74 87 34
136 52 34 86 9 57 72 6 6 71 3 10 88 20 77 50 6 53 30 37 43 79 79 20 48 72 10 4 55 6 89
137 19 32 46 28 50 79 33 17 59
138 26 56 17 12 67 22 27
139 20 31 47 9 50 4 80
140 59 44 26 57 4 44 88 12 33 9
141 27 25 21 24 50 76 2 24 15
142 50 73 4 80 29 64 1 84 15 21 52 21 46 18 76 51 67 87 46 75
143 34 9 69 19 20 16 20 43 30 56 2 12 22 43 2 85 43 47 62 25 8
144 32 77 29 83 15 78 90 51 36 33 21 14 52 41 81 33 83 21
145 47 84 72 51 48 66 4 4 89 80 64 42 22 50 71 66 27 58 65 77 55 59 8
146 20 48 58 15 40 40 13 48 86 84 9 43 21 64 46 72
147 19 23 74 31 55 49
148 74 75 43 38 44 12 67 63 59 87 39 61 36 13 70 31 58 78 35 41 51 81 22 14 61 6 49 1 61
149 57 44
150 62 44 35 73 20 60 4
151 60 26 14 73 5
152 40 83 41 80 5 83 11 70 53 69 29 54 39 88 72
153 41 43 49 76 78 69 7 81 84 66 68 7 10 72 13 50 26 15 39 83 7 12 62 59 80 90 74 80 49 56
154 90 60 44 37 47 74 5 89 67 32 66 36 42 10 10 1 35 76 1 27 82 64
155 12 53 50 86 4 61 51 51 60 72 56 6 29 39
156 27 67 3 55 64 44 64 73 6 60
157 7 87 11 70 47 23 85 58 18 50 28
158 10 49 11 27 16 1 65 77 80 42 80 44 15 85 69 50 1 38 69 7 34
159 38 42 64 84 62 81 44 51 72 15 10 44 42 25 45 68 64 86 19 53 39 86 47 17 7 47 16 75 15 50
160 15 53 89 8 24 41 51 75 22
161 46 66 69 32 72 8 5 67 79
162 67 74 66 45 42 74 60 78 89 71 14 65 34 64 72 19 15
163 55 88 74 10 25 52 42
164 21 46 86 9 65 62 82 40 16 85 75 76 73
165 18 48 9 51 73 81 32 49 37 86 47 20 6 33
166 47 53 53 54 48 62 28 20 15 29 87 10 14 34 44 48 52
167 57 64 35 9 5 84 7 1 2 26 6 86 20 14 48 72 67 6 5 57 77 20 85 73 81 8
168 86 18 30 48 36 3 82 44 60 37 50 60 90 37 27 86 56 2 5
169 30 62 4 86 48 75 43 83 65 12 61 22 29 52 69 64 16 22
170 75 59 80 6
171 78 84
172 43 85 20 4 25 81 7 72 1 43 24 45 69 36 15 90 26
173 68 52 5 51 30 80 71 72 47 1 59 41
174 64 35 86 67 21 39 35 55 39 39 78 83 17 75
175 16 11
176 45 24 52 5
177 3 38 86 50 38 17 90 14 80 86 62 18 69 10 14 33 10 52 72 54 30 57 74
178 29 31 51 52 82 17 28 85 54 24 6 53 40 5
179 81 52 52
180 82 61 35 24 32 48 58 47 77 76 30 83 14 60 43 27 13 21 54 59
181 39 64 89 40 30 27 82 82 78 13 73 10 47 59 3 56 26 49
182 11 40 86 76
183 38 64 74 59 79 42 5 80 16 55 29 45 44 73 88 83 85 33 55 4 1 57 59 78 68 11 50 17 6 87
184 6 22 61 26 10 12 82 89 79 46 80 34 89 62 83 44 18 25 8
185 77 64
186 26 3 52 75 20 19 33 59 24 54 29 11 26 2 2 76 81 10 65 76 60 88 68 13 16 55 20 36 41 46
187 67 10 38
188 81 57 8 49 42 61 77 53 48 41 16
189 31 25 60 68 47 58 7 59 35 61 41 32 64 48 19 2 57 56 14 48
190 73 58 26 6 7 78 53 47 3
191 39 80 18 16 36 37 74 56 71 7 6 64 70 15 82 33
192 10 46 43 83 29 10 70 34 16 57 48 62 22 6 10 63 23 77 8 21 23 25 53
193 31 26 60
194 18 2 40 79 9 82 33
195 2 13 84
196 31 42 41 14 9 12 76 83 51 45 13 73 70 65 63
197 90 84 68
198 85 18 57 55 9
199 16 62 64 9 79 4 12 81
200 72 2 55 64 14 10 76 86 79 50 20 50 12 13 27 80 59 6 9 24 15 60 1
