266 1021
3 37 131
175 37 137
84 37 149
215 37 61
264 37 82
49 37 94
174 37 117
178 37 51
37 217 120
17 37 53
89 37 108
102 37 93
195 37 102
50 37 56
117 37 119
37 4 134
201 37 51
46 37 66
158 37 85
56 37 136
118 37 66
186 37 141
44 37 81
37 261 93
22 37 127
82 37 127
37 250 77
186 37 107
49 195 120
50 46 95
102 4 113
264 261 91
84 22 103
175 186 118
49 217 88
178 158 109
215 201 90
3 261 91
264 44 144
50 46 75
158 22 85
178 174 110
3 195 78
46 22 95
178 46 83
89 201 139
158 37 123
118 22 66
44 82 138
117 82 69
117 201 92
117 46 134
56 195 131
178 250 108
195 158 64
217 117 149
117 250 92
49 117 114
102 261 131
89 195 118
264 117 54
175 201 65
17 117 138
217 17 106
46 158 70
264 178 57
49 22 55
84 22 51
175 118 119
201 89 64
50 22 96
217 250 134
178 37 75
50 158 109
49 22 112
4 56 122
3 195 139
206 184 146
184 71 125
71 11 108
11 183 129
183 247 111
247 119 58
119 126 121
126 198 123
198 263 62
263 20 100
20 27 59
112 27 99
112 222 135
222 79 50
79 154 132
154 231 99
231 133 121
133 25 132
25 1 121
1 12 96
12 199 147
199 182 97
182 65 134
65 260 107
125 260 143
125 157 96
157 218 89
12 218 124
231 218 61
247 154 85
133 198 119
206 184 73
1 184 63
65 231 124
20 154 68
231 133 71
25 12 77
199 1 138
119 199 92
112 1 63
206 247 107
27 125 91
198 157 108
71 218 124
133 25 144
11 260 116
1 125 99
126 27 58
263 154 148
1 12 101
27 157 104
247 20 86
184 183 95
263 133 148
198 25 71
260 157 76
25 125 72
133 218 78
206 218 137
79 12 104
27 260 113
112 1 99
27 25 112
206 182 77
71 112 93
12 260 79
184 198 104
71 125 85
184 182 91
154 1 89
71 260 146
71 183 143
184 199 135
137 171 53
137 85 77
171 8 108
171 55 131
8 196 57
8 93 118
196 128 58
196 80 66
137 128 62
128 30 104
85 55 72
85 141 83
55 93 111
55 127 82
93 80 102
93 173 130
80 30 144
80 188 118
85 30 52
30 101 61
141 127 95
141 153 145
127 173 92
127 169 92
173 188 136
173 21 56
188 101 145
245 188 124
141 101 124
101 192 114
153 169 78
153 229 88
169 21 106
169 189 76
21 245 106
21 147 70
192 245 118
245 92 109
153 192 81
192 29 118
229 189 100
137 229 132
189 147 121
171 189 105
147 92 117
8 147 125
92 29 69
196 92 119
229 29 122
128 29 137
127 21 134
93 101 84
80 173 77
137 128 64
196 29 98
153 30 82
30 189 63
55 30 98
55 30 73
127 153 131
229 29 128
93 101 139
192 29 72
229 147 76
101 189 107
55 80 125
128 169 74
229 141 95
245 189 105
141 169 65
55 101 95
21 192 104
171 92 64
171 30 145
8 245 108
93 30 81
30 192 136
85 189 136
245 229 132
137 192 57
30 141 127
188 137 82
128 147 145
171 147 108
21 192 90
137 80 108
8 55 74
128 192 146
229 85 117
169 92 129
92 137 71
93 30 115
192 85 84
21 92 69
80 30 66
127 196 57
93 92 62
80 29 50
43 32 122
43 205 65
43 69 85
43 111 52
241 43 88
32 205 52
39 32 144
40 32 132
32 241 98
205 111 124
205 48 101
205 39 101
69 111 74
69 241 64
69 47 104
69 258 99
111 48 78
111 258 93
48 39 139
48 179 76
48 258 97
39 40 82
39 179 64
40 241 107
40 47 116
40 179 146
241 47 80
47 179 87
47 258 112
179 258 93
205 241 71
43 241 96
32 258 110
205 179 114
39 40 136
48 40 127
48 40 73
32 40 126
40 179 130
205 48 53
205 47 119
69 47 66
40 179 53
43 32 56
205 39 59
43 48 135
69 258 144
179 258 82
48 47 123
205 48 106
111 39 89
205 258 96
47 258 98
179 111 54
69 111 61
48 40 77
40 32 62
205 48 134
69 40 98
48 47 131
47 179 142
43 258 142
47 179 100
40 241 94
32 258 122
205 40 138
48 69 137
32 47 129
43 47 62
39 47 117
205 258 145
43 32 58
39 179 139
40 47 73
241 258 85
239 220 101
139 220 124
163 220 67
130 220 69
135 220 51
232 220 65
187 220 110
35 220 77
236 220 143
246 220 76
60 220 64
58 220 57
24 220 79
249 220 118
219 220 140
18 220 110
202 220 85
86 220 139
38 220 62
224 220 68
223 220 107
220 34 56
151 220 89
103 220 58
225 220 74
220 91 95
220 162 110
220 238 63
220 78 54
58 24 96
246 224 139
24 223 91
35 151 144
34 220 82
135 35 141
187 91 73
139 219 138
163 38 67
130 236 116
187 249 62
18 91 114
60 202 78
38 223 63
139 34 116
249 220 77
24 18 115
187 225 122
224 34 94
139 18 86
232 24 126
236 151 130
135 18 130
246 86 82
202 151 98
236 103 125
130 135 90
202 225 120
35 249 118
86 224 64
163 151 104
236 91 101
18 202 60
78 38 127
239 130 143
135 224 134
239 38 95
135 60 70
91 238 86
38 34 74
151 91 104
135 202 148
236 151 93
58 220 65
232 58 106
86 78 147
135 219 73
232 219 131
96 230 74
177 230 143
164 230 74
237 230 89
230 23 95
146 230 97
131 230 66
227 230 68
214 230 73
191 230 67
9 230 139
100 230 79
28 230 64
73 230 58
97 230 129
193 230 125
76 230 50
200 230 124
181 230 147
134 230 95
144 230 75
53 230 126
230 15 66
230 113 67
230 19 65
230 62 59
230 142 117
230 61 51
230 6 119
146 100 72
97 15 53
193 76 102
237 53 120
230 62 129
73 62 94
62 146 64
96 230 119
146 214 65
227 191 139
146 100 79
191 73 117
28 134 62
9 100 79
193 62 69
237 230 77
214 6 97
134 230 145
214 181 87
177 28 80
191 142 136
142 61 94
131 15 145
146 131 145
96 100 54
100 193 145
193 200 142
28 230 122
164 97 50
164 193 71
23 146 102
96 113 115
144 146 132
237 214 53
146 61 76
23 142 137
113 142 61
134 19 67
73 15 100
200 73 71
113 62 50
100 200 89
191 100 133
73 15 50
96 76 68
73 193 105
164 142 72
251 7 124
251 176 83
207 212 126
7 248 64
7 197 78
7 254 149
251 45 85
207 110 59
266 99 105
197 110 128
150 176 55
176 107 61
197 207 95
176 90 128
197 221 53
176 207 75
207 161 107
207 45 56
120 90 72
251 120 98
120 266 99
90 161 97
7 140 99
90 136 96
254 63 119
251 63 54
7 110 87
212 254 81
212 150 146
248 212 138
254 150 112
254 221 79
161 88 74
90 212 106
90 150 62
150 70 98
120 221 54
266 70 148
107 7 53
212 45 113
221 136 122
88 221 96
107 45 84
45 110 95
45 66 88
266 136 83
212 194 100
266 140 125
136 110 104
254 136 122
136 122 138
7 266 77
150 110 65
110 194 100
262 161 124
221 99 92
197 262 82
120 161 59
161 266 119
136 161 50
45 70 93
66 197 62
248 70 102
99 88 118
136 140 121
176 99 122
88 66 63
150 88 54
197 88 132
99 66 101
66 194 70
66 136 57
140 122 84
107 140 73
120 140 76
254 122 113
161 122 111
262 122 65
107 194 118
136 262 122
63 194 125
251 197 149
251 90 51
251 194 71
251 161 59
251 122 93
63 262 67
248 150 136
251 70 121
197 107 109
251 99 86
266 251 69
251 140 52
7 176 66
120 122 119
7 212 64
7 262 139
7 207 139
7 63 70
7 150 75
197 70 84
7 194 113
7 88 122
7 136 109
7 122 112
248 176 95
248 120 143
248 266 102
248 221 53
197 140 72
248 90 111
248 254 72
248 161 103
45 122 143
248 66 124
107 110 104
248 194 141
212 107 66
176 66 120
110 262 61
221 194 144
176 161 85
176 63 123
45 262 137
176 70 110
176 266 52
176 140 147
197 254 125
197 161 89
197 120 125
107 99 141
197 99 128
63 107 101
197 194 100
197 212 72
197 136 108
197 122 119
150 194 58
70 194 82
212 266 74
207 107 106
207 99 115
207 90 104
207 221 105
207 88 63
207 262 61
99 194 62
120 212 141
120 262 85
120 107 86
150 99 104
212 136 129
120 254 89
120 110 120
120 194 85
90 254 66
90 66 122
7 90 99
90 99 129
90 266 74
90 45 85
110 161 51
90 70 78
63 150 64
63 70 135
63 45 75
63 66 147
63 266 64
90 140 142
63 136 62
63 122 81
212 221 72
63 88 65
212 161 132
7 45 126
212 110 140
212 70 95
212 99 64
212 140 85
254 107 91
254 266 80
90 262 61
254 45 121
254 110 118
254 70 65
248 88 144
176 120 111
150 107 52
197 150 90
221 262 124
150 221 145
150 136 133
150 161 106
150 66 120
120 150 127
107 262 114
107 136 128
107 88 89
221 110 108
107 66 118
248 136 137
63 161 121
221 266 80
254 140 79
110 88 61
221 66 92
122 194 71
136 70 53
45 266 124
45 99 123
45 136 135
45 88 61
45 194 120
266 88 66
99 254 107
266 122 51
207 266 148
45 161 99
136 88 148
66 161 105
136 194 85
161 70 70
110 99 73
110 140 87
122 110 99
262 88 51
262 66 103
212 262 52
262 194 64
161 99 53
140 161 57
251 66 122
161 194 130
70 99 89
45 140 102
70 88 90
70 122 94
99 122 97
194 254 138
88 140 68
88 194 50
66 140 74
66 122 86
251 248 78
45 110 100
99 88 124
251 266 137
248 66 65
63 136 69
197 90 148
140 122 51
107 7 61
63 122 53
197 150 67
120 150 146
248 66 131
207 136 109
136 99 51
63 88 134
248 212 95
110 140 62
248 63 142
70 194 119
7 140 120
150 161 116
45 99 63
107 88 62
107 161 66
176 194 85
161 66 109
266 88 71
251 161 129
207 140 99
221 99 125
63 161 111
197 194 70
110 66 146
66 194 74
150 99 74
197 136 57
197 99 66
66 122 59
120 194 146
266 63 97
136 122 109
150 70 65
207 161 100
212 194 63
207 70 125
7 221 136
107 99 64
7 262 112
67 259 73
259 41 78
41 155 136
155 123 139
123 242 57
242 68 84
68 132 77
132 148 90
148 211 142
211 109 122
109 165 100
165 116 144
116 253 76
253 152 117
152 216 141
216 83 101
83 235 70
235 170 115
170 75 117
75 244 62
244 145 58
145 2 132
2 138 82
138 77 124
77 16 80
16 106 68
106 226 134
226 59 60
67 59 147
242 132 101
145 2 109
67 68 108
155 132 135
77 16 140
259 106 83
242 2 81
41 152 51
41 170 127
68 253 138
259 59 59
83 59 52
75 138 100
106 253 94
145 226 146
109 145 140
123 170 84
67 77 55
242 145 83
138 226 70
235 170 93
242 116 127
132 165 97
109 2 90
145 2 65
155 211 130
235 145 148
138 106 54
244 145 70
138 106 111
259 165 92
68 170 70
155 123 55
152 242 76
109 145 66
170 16 111
211 116 102
68 2 88
211 106 119
138 59 78
165 116 60
67 116 111
2 226 144
109 165 111
242 253 68
67 132 85
121 98 80
121 5 143
121 72 130
156 98 124
98 51 68
5 124 63
5 26 129
265 124 72
124 168 132
64 156 87
156 203 113
64 265 55
64 257 118
265 143 74
72 255 142
72 81 149
26 74 116
26 104 61
168 159 114
168 228 98
143 57 75
143 149 54
257 240 114
257 185 107
203 10 132
203 54 141
51 180 95
51 31 53
159 10 116
159 180 102
57 180 89
57 255 135
240 255 98
240 74 107
10 74 84
149 104 144
149 54 68
228 81 66
228 185 79
104 31 83
81 54 69
31 185 107
124 31 74
64 104 129
72 81 90
57 149 102
257 81 85
180 168 140
265 185 136
64 168 97
168 185 54
159 10 134
98 265 93
121 185 110
26 185 127
185 10 134
255 74 67
26 159 111
156 54 56
124 64 133
124 51 126
203 159 80
124 156 76
149 104 96
228 31 121
5 257 135
257 255 88
98 180 51
98 64 123
98 240 56
149 180 105
203 57 96
26 257 86
257 149 120
121 203 102
81 121 91
159 228 92
98 203 141
74 185 146
228 81 134
26 159 84
26 143 145
168 203 92
203 10 108
51 228 112
64 185 115
156 64 109
257 185 145
265 51 74
74 31 140
72 240 121
234 172 59
234 52 105
52 213 135
213 252 144
252 105 120
105 243 141
243 108 55
108 166 64
166 87 51
87 36 129
36 190 96
190 209 133
210 209 137
210 129 61
129 204 89
204 256 111
256 13 102
13 14 103
14 42 69
42 233 61
233 167 77
167 95 57
95 114 91
208 114 145
208 160 99
160 33 111
33 94 116
94 115 143
210 33 105
13 105 132
87 209 141
52 42 145
87 209 61
108 209 134
172 129 97
108 208 122
105 243 53
243 33 109
87 209 102
52 108 136
108 13 132
210 42 51
36 190 94
172 256 103
105 166 101
233 160 97
243 256 81
190 95 139
105 160 93
190 14 127
210 33 124
36 208 67
36 115 130
42 95 71
172 190 134
210 14 87
213 13 109
233 114 68
243 114 88
172 129 58
233 160 60
33 94 86
190 209 51
234 87 138
166 42 53
252 105 89
243 160 68
243 167 104
105 243 87
166 14 84
52 115 137
166 14 89
210 94 64
172 160 56
172 115 82
36 233 96
108 13 123
14 95 138
56 125 61
65 189 73
153 69 147
39 60 142
135 96 73
164 45 115
197 152 76
2 57 84
213 159 125
5
37 31
17 128 222 213 32 180 14 4 66 84 5 202 45 160 177 114 1 58 43 153 106 243 116 49 150 231 72 142 138 105 146
124 26
159 213 10 242 74 105 163 228 132 95 68 234 225 54 56 51 182 179 72 250 46 203 165 103 10 131
219 34
233 219 43 265 32 222 100 133 153 46 30 1 89 129 56 41 257 20 116 8 155 134 111 145 6 80 24 224 152 124 246 52 125 155
148 37
50 86 259 69 146 119 214 116 56 142 18 206 243 119 48 90 140 10 62 93 147 13 88 128 13 30 119 79 209 51 228 160 127 244 100 209 31
3 29
79 77 169 101 54 249 98 227 153 110 127 148 263 86 61 135 232 26 242 152 244 134 90 210 33 139 220 119 225
