960 3799
232 341 838250
341 205 689999
205 101 423540
101 591 157707
591 741 76420
741 90 125905
90 573 920280
573 313 44963
313 688 86354
688 956 769341
956 632 72551
632 439 774770
439 522 428078
522 766 888497
21 766 370310
21 589 436540
589 457 628206
457 782 476025
782 314 114765
314 493 776422
493 932 631366
932 806 396140
806 642 555151
642 708 18676
708 475 162453
475 529 987983
529 23 6833
23 653 447295
653 43 469467
43 8 13318
8 84 629827
84 312 251394
312 533 316750
232 533 60631
573 457 101503
101 642 83905
205 313 479733
688 782 756220
313 782 382354
932 653 685389
341 21 34618
21 314 509664
341 741 918330
591 475 206216
101 90 495807
632 21 699280
932 708 399245
101 312 403168
205 101 687094
591 21 608716
766 475 762057
688 84 261819
741 84 633871
341 475 27527
956 23 264639
313 21 32737
589 43 589346
932 43 339210
653 312 691916
341 688 646326
642 688 494812
932 313 332857
101 43 315781
573 589 802610
741 653 661029
806 84 531824
589 314 575651
589 708 415729
741 457 283386
232 653 697452
8 475 617378
782 932 845784
522 475 733794
232 314 465252
43 8 202124
642 591 632933
708 23 928889
766 21 783550
932 232 173520
313 806 719249
708 529 479690
573 766 8488
408 816 516421
707 816 736569
71 816 328678
244 816 88186
839 816 904563
770 816 624484
699 816 590668
673 816 94068
901 816 941668
713 816 950932
958 816 164496
318 816 866080
303 816 350643
93 816 902418
686 816 318607
816 619 626028
231 816 796328
52 816 375189
120 816 547470
74 816 542767
593 816 858549
51 816 841243
462 816 7840
240 816 982361
31 816 134016
816 913 302270
816 541 697776
816 832 366382
816 50 235883
816 183 350458
816 777 920059
816 133 850724
816 763 89935
816 538 323597
816 926 160992
816 859 829791
541 50 505320
713 462 488258
958 133 88549
913 777 923873
839 74 433912
408 231 971782
593 462 145345
240 859 651813
303 240 626465
619 839 396923
713 240 719109
240 777 745115
839 303 224412
93 538 907653
318 763 138133
707 462 413945
244 901 890682
958 93 886465
120 839 123674
408 52 663001
303 71 787333
408 31 881832
958 686 723800
816 763 775111
913 50 286768
303 541 647641
707 926 170534
593 462 17977
816 926 664524
408 52 510203
713 120 145279
707 541 186462
839 541 566704
74 462 486897
713 859 365470
707 318 440521
707 913 535533
926 859 557186
240 777 606850
318 593 360450
240 183 976036
713 913 371199
318 859 872551
244 673 13220
244 31 55159
244 318 90585
839 859 187924
707 244 966251
713 926 811180
244 74 906210
948 220 353898
948 590 80306
948 380 151289
948 356 889117
282 391 172846
282 214 123462
226 282 8511
317 282 767156
814 323 345042
814 590 168991
814 540 44152
814 356 330491
176 220 987328
176 391 716556
176 380 500743
176 226 5159
121 323 451703
121 214 484426
121 540 905014
121 317 822336
220 438 642611
220 471 967095
323 438 180813
323 224 272538
391 224 265481
391 55 655909
590 55 883161
590 562 271562
214 562 754847
214 471 698998
380 438 93089
380 471 850585
540 438 971679
540 224 608989
226 224 728054
226 55 974054
356 55 127976
356 562 762141
317 562 168106
317 471 27201
471 540 668764
438 55 204424
948 391 141214
282 391 183767
55 562 925309
121 562 892005
121 55 779479
323 55 34895
590 317 107601
948 220 657852
323 317 546913
220 214 678025
380 55 65760
121 438 444883
176 540 677901
323 540 128657
814 562 885046
176 214 649443
121 562 270272
590 224 662675
121 438 456328
323 471 954332
814 356 327270
814 590 737818
948 471 373463
391 220 731730
317 55 509781
391 562 66970
814 391 600774
282 562 270612
590 438 445142
121 224 376193
121 391 914407
121 590 828154
282 214 599199
176 317 131113
220 317 796361
814 220 42187
590 471 546376
226 214 751058
356 471 916028
121 317 311920
380 226 643396
380 562 204407
323 224 620596
220 55 5051
636 238 335492
636 676 146780
238 349 147233
238 15 185432
489 349 937467
349 730 542311
489 661 863195
489 488 339663
636 661 825709
661 558 801115
676 15 324361
676 198 649751
15 730 232277
15 919 952281
730 488 69529
730 62 390317
488 558 78928
488 563 126625
676 558 973235
558 579 702445
198 919 89807
26 198 137234
919 62 569608
919 954 565629
62 563 39322
62 668 887906
563 579 230631
563 580 71793
198 579 142667
579 813 508339
26 954 721758
26 277 799274
954 668 176105
954 951 756700
668 580 699161
668 709 542246
580 813 723403
580 485 934526
26 813 617581
813 524 170532
277 951 886400
636 277 750438
951 709 78300
238 951 772496
709 485 586658
349 709 883868
485 524 198991
489 485 849456
277 524 91245
661 524 985640
198 709 816154
558 524 51078
238 951 679070
238 485 314772
15 277 505260
580 813 693906
579 485 15447
636 709 711747
558 26 17429
676 579 44566
954 524 784579
277 676 384208
668 580 93780
730 277 551223
489 524 322025
558 563 436636
488 951 546954
636 485 159941
636 676 213671
238 919 273528
730 198 421222
730 813 582295
558 919 883484
954 485 260268
730 580 797787
485 524 966204
661 668 694473
919 954 768993
62 709 66281
919 524 434483
730 62 607933
730 62 266838
730 579 99187
488 563 131764
238 198 631344
15 488 761642
277 349 565284
676 668 229587
488 563 388832
676 15 100533
676 668 524542
15 709 251190
636 709 168002
488 919 747620
951 709 91252
558 198 352442
15 277 524928
563 524 863073
558 62 55059
655 186 398177
655 941 592686
655 559 210674
655 615 975461
466 230 626238
466 370 659969
466 721 33117
466 784 265213
758 327 154378
758 941 44842
758 132 128703
758 615 555807
247 186 565132
247 230 830278
247 559 176554
247 721 894747
634 327 43446
634 370 474903
634 132 664904
634 784 424234
186 576 296861
186 451 220970
327 576 19567
398 327 344137
230 398 380602
230 513 805797
941 513 975779
941 606 720304
370 606 193191
370 451 719969
559 576 907624
559 451 942976
132 576 853001
132 398 935043
721 398 350447
721 513 22604
615 513 915185
615 606 707139
784 606 459609
784 451 838551
784 576 901461
230 370 89869
230 451 35952
758 576 179503
230 513 111608
634 327 328740
327 132 265040
576 451 710655
655 132 892652
655 559 839003
186 513 487179
370 513 362112
615 513 114181
941 451 808822
559 230 592233
784 513 423002
398 606 321721
466 576 853138
327 398 63397
758 247 48020
370 576 672466
784 451 924089
721 606 120180
615 370 258604
466 370 762646
576 606 6784
230 398 968215
466 398 134395
941 576 899352
634 230 396539
247 576 610090
247 941 467483
466 132 793617
634 615 750688
721 398 104115
784 576 493223
327 230 636672
186 576 906643
230 721 534261
398 451 241389
186 576 13708
615 576 28937
941 132 78273
559 451 804672
370 398 836401
634 606 220063
721 576 223809
398 451 850006
743 379 748520
743 65 77496
743 200 871106
521 888 369568
480 521 459736
890 888 736335
890 480 192312
888 480 762608
480 548 687101
910 95 196943
910 944 416082
384 910 483352
530 95 405884
530 944 181179
530 384 131315
95 944 118824
95 384 114084
944 384 472823
30 712 228244
712 67 964673
712 481 858955
67 481 153681
67 346 160936
481 346 266287
346 7 179539
807 755 353764
807 388 657403
807 250 588458
755 388 280884
755 250 433332
755 259 541175
388 250 753239
388 259 209681
259 855 112155
136 600 540157
136 875 855757
136 77 980893
600 875 469880
600 77 397431
600 905 730219
309 600 660603
875 77 902445
875 905 661451
875 309 400793
905 309 11392
896 203 547091
896 279 578838
896 746 400384
525 203 8596
525 279 956296
525 364 61071
203 279 688219
746 364 303695
340 252 655498
252 353 634619
252 87 18449
340 353 220552
340 64 364080
938 340 883501
340 87 296043
353 64 70703
64 938 908666
938 87 615169
815 373 178412
815 342 561941
373 342 902372
373 351 697613
342 351 857533
342 417 499542
351 417 442786
578 351 649600
417 578 180236
65 342 122482
384 353 223859
746 351 49542
944 373 372582
521 578 103390
65 875 230990
353 87 341150
388 353 82677
340 7 15814
481 938 718659
384 417 326492
379 815 186439
77 87 840075
353 351 700549
384 87 820314
938 578 831531
346 340 165454
521 480 420484
7 252 315646
743 87 517298
521 755 814666
30 755 598799
373 384 618895
30 746 261963
521 890 138230
888 7 88489
807 525 307667
530 417 31110
905 87 634007
136 309 119622
279 342 352796
250 373 868821
95 743 746897
65 67 915304
364 888 554076
480 77 942783
379 65 921243
340 938 6763
346 417 694763
351 136 915201
346 743 979202
77 252 306717
77 279 18971
379 481 906316
250 77 799338
379 530 847651
259 855 448797
890 855 142089
388 364 487983
424 139 9089
424 170 240848
139 625 161654
139 638 696510
625 445 184434
625 97 166997
445 788 243768
445 818 843678
788 19 904772
788 32 349516
424 19 255980
19 547 319232
638 170 772692
170 704 302308
638 97 972723
638 271 712527
97 818 572703
97 96 136740
818 32 318523
818 338 363979
32 547 964876
32 568 74297
170 547 417527
547 760 230833
704 271 520976
704 298 615593
271 96 200907
271 722 83644
96 338 711854
96 2 897382
338 568 906096
338 75 869445
568 760 766341
568 900 416212
704 760 579787
760 49 59525
298 722 51520
298 60 504160
722 2 60797
722 383 531700
2 75 55695
2 212 551286
75 900 822470
75 162 239203
900 49 750735
900 695 701105
298 49 949550
49 587 617834
60 383 596235
60 679 282959
383 212 554590
383 657 202890
212 162 474807
212 166 805011
162 695 451045
162 553 309935
695 587 955708
695 499 493195
60 587 236504
587 310 73854
679 657 72039
424 679 394922
166 657 365009
139 657 219685
166 553 518506
625 166 608970
553 499 843630
445 553 419560
499 310 259264
788 499 325746
679 310 43486
19 310 678253
338 75 237255
19 97 528224
424 547 106903
19 96 201350
166 310 386037
625 49 930385
638 49 801584
170 166 183994
445 310 661715
2 383 864891
170 499 76529
212 657 305987
445 587 980726
722 162 507306
547 338 728619
547 2 42906
19 704 828713
704 722 900837
271 166 903060
499 166 844411
424 212 170163
722 587 780495
49 383 675719
212 383 494893
19 96 229158
32 162 56336
695 568 126440
900 139 371333
424 679 455260
338 75 871731
553 170 804551
19 638 890105
445 383 226120
722 49 319733
383 310 643981
445 298 169130
298 162 421145
638 60 978447
587 553 385819
139 60 906002
424 818 583978
625 2 381869
2 212 785865
704 162 289289
568 553 103545
625 271 175857
32 2 816011
424 97 23565
638 445 607757
693 588 911664
693 572 699999
693 146 537587
588 756 502125
588 381 958360
588 812 19376
693 756 964126
756 557 40257
756 542 774976
572 381 302253
572 191 807600
261 572 965639
381 557 775099
381 795 68921
381 596 574633
572 557 603167
557 145 668769
557 928 770149
191 795 175162
693 191 473244
191 872 631922
795 145 480089
588 795 557178
795 58 155599
191 145 86820
756 145 868124
145 506 593503
812 146 886879
146 261 376765
146 598 907619
812 542 104182
812 596 909401
812 292 564805
146 542 451013
542 928 434028
419 542 613842
261 596 157229
261 872 144203
261 550 85981
596 928 249617
596 58 487507
596 703 76223
261 928 702357
928 506 469112
928 201 390606
872 58 502226
146 872 638371
872 561 460296
58 506 573381
812 58 683496
58 269 575918
872 506 545063
542 506 862974
506 409 908758
598 292 450273
598 550 851610
693 598 26970
292 419 759142
292 703 362639
588 292 280154
598 419 87190
419 201 440589
756 419 665711
550 703 400442
550 561 552547
572 550 718205
703 201 852981
703 269 333317
381 703 424239
550 201 147116
201 409 872156
557 201 552644
561 269 398263
598 561 100157
191 561 290893
269 409 706703
292 269 892544
795 269 833497
561 409 788530
419 409 10904
145 409 68729
588 572 220396
928 269 732731
146 409 119871
693 269 536141
191 58 771835
693 58 458269
145 872 58275
756 146 655766
928 58 89138
693 598 268597
588 145 785946
557 146 414837
550 409 201601
588 550 604234
596 409 26650
872 506 671468
419 598 66379
596 506 261963
588 756 312021
191 146 635293
506 703 678106
201 409 427836
588 872 690446
693 506 624667
703 561 501965
381 795 767981
756 795 794757
872 201 658207
588 145 857890
542 928 938717
756 58 138461
292 201 324142
292 269 765236
419 269 841794
201 409 845415
812 146 901466
145 928 52853
795 381 279403
795 596 884608
145 550 984087
588 381 537686
756 703 156688
191 561 685739
598 550 800507
756 795 280393
145 596 899874
588 550 110761
292 572 353547
698 897 550474
698 753 693606
698 332 154633
897 365 670263
897 378 675226
897 82 680638
698 365 325441
365 484 159963
365 320 178146
753 378 935923
753 829 592751
753 773 610570
378 484 237006
378 328 300999
378 73 216665
753 484 953616
484 822 590239
484 935 903381
829 328 3647
829 698 682211
829 239 5514
328 822 710412
328 897 509778
328 425 203083
822 829 916880
365 822 744365
822 583 357641
332 82 402276
332 773 616232
332 943 672267
82 320 98173
73 82 340389
82 585 34458
332 320 173637
320 935 299618
320 775 178184
773 73 690401
239 773 634588
773 461 230676
73 935 359808
73 425 179733
73 128 408040
773 935 478609
935 583 861874
935 767 974795
239 425 668091
332 239 642228
239 675 233084
425 583 723954
82 425 175997
425 566 723773
239 583 789909
320 583 703981
583 727 365206
943 585 733872
943 461 822566
698 943 569539
585 775 191332
585 128 243978
897 585 614695
775 943 69551
767 775 763445
365 775 42119
461 128 849670
675 461 143603
753 461 982202
128 767 841052
128 566 32403
378 128 947460
767 461 230544
767 727 852475
484 767 345789
675 566 755421
943 675 221016
829 675 62031
566 727 958525
585 566 858849
328 566 304566
675 727 469352
775 727 859598
822 727 651608
484 727 941537
484 128 643911
328 332 788546
943 585 111902
320 425 34055
328 461 812553
829 328 858096
73 675 646818
365 332 586873
239 727 655175
320 675 301636
484 775 749573
897 566 886697
73 675 232142
378 727 303585
378 461 349447
239 775 127263
829 773 959415
773 583 335581
829 128 943900
773 675 238750
753 82 747981
484 566 85779
365 822 916311
73 727 844000
73 935 958403
773 935 299068
775 727 492190
897 566 677753
320 73 682913
943 585 79787
378 775 966813
583 675 766071
378 82 852712
773 767 211101
378 484 480289
378 128 314417
753 332 287051
585 128 105273
128 767 802700
484 320 977905
822 332 566614
773 675 951283
943 365 213591
320 775 254841
73 585 361228
328 320 400568
773 566 271531
114 554 736474
114 263 19144
473 114 671707
554 677 858631
554 160 920259
154 677 126672
677 906 552101
154 263 446509
154 235 172680
263 54 289184
830 473 543632
473 390 503853
160 830 860483
160 104 862954
906 39 664826
906 104 899395
235 678 9581
235 39 820580
54 390 610528
54 678 407765
830 745 38450
390 633 38523
545 678 204163
39 137 860909
104 706 959360
745 633 241159
745 706 124572
633 545 504521
545 137 350445
137 706 717811
154 39 973666
554 678 167424
830 706 738801
554 137 404888
154 473 149420
554 706 362320
906 545 87444
39 633 776921
677 706 615727
554 263 398302
235 137 270128
154 906 291635
154 545 124826
114 263 120108
154 54 635337
137 706 230896
390 104 658181
114 104 343102
263 545 126677
545 137 497163
473 633 569645
473 104 193819
235 390 678
678 633 409900
263 39 90774
114 677 394549
473 706 908868
154 54 216807
160 678 943545
473 545 970171
830 706 367390
114 677 217885
473 104 608387
830 745 442053
154 473 49331
906 390 741013
154 104 270403
104 633 737269
677 39 377276
745 137 617338
114 545 427075
906 545 290157
633 137 438424
678 633 841343
114 545 305083
390 39 980352
473 545 763433
677 473 438396
390 39 951781
595 233 847237
350 233 291369
86 233 91792
641 233 5287
178 233 831353
635 233 447934
268 233 580466
680 233 932283
628 233 682658
233 517 838792
776 233 503529
362 233 817719
188 233 556701
929 233 885174
891 233 703824
256 233 615899
222 233 588920
697 233 621516
330 233 209393
249 233 970978
294 233 739218
810 233 961143
441 233 765627
355 233 662013
413 233 25486
670 233 185842
887 233 664181
903 233 753248
135 233 335565
233 182 956333
255 233 236730
16 233 341303
76 233 951205
233 719 246716
233 151 329974
233 34 673050
188 34 118811
256 34 860581
255 413 20323
680 413 804427
188 441 774252
635 903 573324
233 34 734182
362 330 141520
635 249 447199
670 16 128637
350 233 873142
268 76 249932
222 86 173111
222 903 467150
268 903 454695
294 255 764833
355 151 525245
256 294 198297
268 151 630213
670 16 321230
294 441 733346
635 294 593751
441 670 692831
641 222 288128
249 135 304829
188 719 564312
249 182 347909
249 355 753170
413 182 51245
517 355 216661
350 628 111373
517 222 88446
268 441 89113
776 595 643392
294 16 29820
891 76 864144
178 76 599529
697 441 702398
628 362 396223
350 178 904095
362 810 868495
517 929 619375
776 255 754356
76 233 209128
641 294 343718
249 719 51893
907 12 147636
130 924 552915
434 609 877787
907 791 417280
885 91 180429
863 885 142477
130 397 942376
791 744 275376
397 434 307106
924 91 780003
771 601 130083
924 455 863710
91 434 254128
22 455 430392
91 751 959832
924 22 514142
863 762 352476
423 130 805421
771 22 282864
130 601 609574
569 771 254979
22 434 435809
885 22 789483
762 791 555455
169 455 631008
397 169 743894
169 12 217041
434 791 654530
434 455 162647
434 193 530219
863 785 307559
863 751 701651
12 28 851771
434 907 93355
907 423 749274
907 487 790486
455 751 916185
455 569 941961
455 754 677832
751 423 553109
751 601 315078
751 28 810284
907 455 386812
924 12 464492
609 744 31941
169 601 143642
569 785 779426
569 791 460740
601 12 371866
423 601 516685
601 744 986878
569 12 597098
907 754 284318
924 785 370084
28 337 518679
337 754 21843
130 337 691901
28 487 827081
28 785 47793
885 28 368525
337 487 305785
863 487 869939
397 487 366461
754 785 467261
754 791 625127
863 754 331172
785 609 41970
785 744 7773
91 785 939033
22 609 28791
609 193 41402
924 762 42321
423 791 612613
12 337 552370
771 791 901328
744 193 469993
423 744 173415
22 423 764029
12 193 421463
487 193 739408
169 193 955588
130 91 140800
130 22 470554
22 863 785051
130 785 256282
130 762 618151
130 169 594328
863 907 492193
130 487 1579
130 455 876347
130 754 705810
130 569 581725
130 791 168476
924 885 159455
609 771 327896
885 12 376883
885 337 172500
762 744 752747
885 169 396109
91 907 792994
91 487 102492
885 193 679928
885 754 543322
601 885 912761
885 744 957036
397 924 188161
397 771 617653
397 791 561573
397 751 135140
91 569 116421
397 455 812447
397 863 218225
397 28 740840
397 423 368354
337 609 259622
397 12 529692
397 193 54697
924 601 67934
924 337 853446
924 907 151922
751 924 252007
751 487 503330
169 907 839822
863 569 127494
487 609 978487
924 28 899203
924 791 198424
91 863 526734
28 91 560104
91 771 547917
91 423 796788
91 754 911692
91 169 758934
91 193 458505
744 337 163377
91 601 184216
130 744 411715
762 907 746249
762 487 945005
762 771 966851
762 455 310214
762 754 475778
762 22 465686
762 751 909106
762 785 906600
762 12 585868
762 193 16837
771 434 305726
771 487 948890
455 28 139004
771 754 835863
771 28 268004
771 744 471970
751 609 249967
771 193 91052
22 487 101819
397 22 833725
130 751 639757
22 785 320462
22 569 76054
22 12 488091
609 791 412655
22 193 899835
22 169 21051
569 487 222965
169 423 711845
169 609 933980
169 569 57258
91 791 465806
12 754 305130
169 744 264395
751 785 419328
434 601 714400
434 28 869236
434 423 90153
771 12 733629
434 487 78916
434 754 813024
434 744 873666
91 455 309681
762 569 455335
863 924 895811
863 12 473079
762 434 8823
771 337 646
863 193 956947
863 744 450755
924 744 824366
907 569 907065
907 337 403074
907 751 121096
907 601 315814
907 785 302488
907 609 908616
907 193 703265
455 337 744490
455 601 711527
434 785 30121
455 12 344223
455 487 863843
337 791 803601
751 337 71116
751 569 679270
751 754 622568
751 12 71289
751 791 334405
751 744 902698
423 487 843102
130 885 788057
601 609 853045
423 337 452220
423 785 132127
337 193 720042
569 337 367854
397 762 651896
569 744 870339
569 193 266044
601 28 192059
397 785 308642
601 791 282501
28 193 580622
12 487 33520
12 609 276125
12 791 439358
12 744 379194
337 785 37709
434 863 640792
397 601 735514
434 337 61937
28 609 896803
28 791 806771
907 28 641035
193 130 190802
754 744 758482
487 791 388074
487 785 609227
487 744 398242
28 754 471516
754 193 259723
785 791 478902
785 193 943630
455 609 210683
863 609 416299
487 744 427460
130 609 789919
434 487 653274
885 771 842259
924 193 151709
907 791 867756
22 609 272858
12 193 691527
397 609 964878
601 28 265185
609 193 504488
863 609 818972
397 169 893677
885 907 961205
193 130 829229
169 863 790911
771 785 596093
397 337 63158
455 754 659724
885 434 294529
785 791 410182
771 754 461977
423 337 889819
22 609 305478
22 907 714977
771 28 773295
907 609 825424
924 609 405912
455 91 116222
487 785 574314
924 169 226826
434 12 942494
924 791 696907
130 91 543991
397 169 382773
423 28 639769
569 434 472509
397 28 216348
130 569 726954
791 569 699229
22 193 822341
924 455 143600
28 791 815644
130 487 128219
924 455 388334
885 28 886318
885 754 808111
397 762 178432
435 909 316668
435 843 343854
435 78 301296
551 909 232749
909 173 825721
909 440 607838
843 861 700775
843 257 745458
843 420 530444
851 78 921734
78 931 899775
539 78 297455
551 17 492838
551 716 643621
551 47 494790
173 144 556820
173 644 553478
173 936 972104
440 228 893297
440 637 368932
440 108 394302
861 206 33045
861 449 34691
861 797 369045
257 602 407913
257 168 651576
257 94 812436
420 134 346649
420 360 873156
420 476 357076
851 264 552677
851 831 382461
858 851 554922
551 831 701281
539 716 41622
931 476 649441
851 144 250041
435 858 2705
797 134 469989
861 168 579719
861 449 855086
78 716 657295
644 206 920678
797 134 455001
936 264 465920
931 637 375337
47 206 197678
539 47 865104
449 134 584067
843 936 672524
257 476 839655
797 440 791465
173 440 23952
435 797 114780
78 440 627125
228 94 833049
78 47 666147
206 858 900585
17 831 965993
644 94 142013
936 206 639369
843 440 470010
78 602 15501
851 228 61352
909 843 652352
440 144 955110
108 858 796195
797 360 332556
108 858 22950
551 206 506645
47 936 150836
78 440 603990
843 716 580891
861 94 154662
931 94 342366
78 360 729650
440 602 275229
644 134 559135
861 206 285627
843 420 351503
257 449 94716
435 264 901690
194 319 535392
319 204 903615
629 204 690583
629 377 400973
276 377 500807
276 908 130107
908 586 981243
586 567 110786
567 594 42648
594 607 56197
607 68 780449
68 396 69812
396 308 697023
308 957 744407
957 211 468280
211 161 154355
161 757 631196
757 765 33719
765 289 939935
289 869 366254
869 846 180008
846 786 4644
786 431 242335
431 403 235713
403 109 417071
109 219 64066
219 115 368446
115 752 283096
752 621 285046
621 301 597561
301 442 155804
442 915 228703
915 828 281591
194 828 580483
752 828 426968
396 846 413120
957 109 183452
204 115 239932
869 115 983899
594 752 171975
308 915 228759
115 828 349342
431 194 820624
846 109 671674
765 289 131645
586 765 62052
68 161 761505
308 68 535654
204 161 14383
765 431 736327
752 915 82375
786 621 509531
194 431 38916
161 757 152819
757 786 686312
377 786 895489
115 915 22040
161 786 521276
908 757 348973
586 403 151390
607 211 933891
194 567 229271
219 301 234050
204 289 220696
396 629 890063
908 828 419636
594 786 578175
607 757 699470
194 289 150335
319 68 111610
308 786 638287
211 828 760719
68 621 2782
908 765 964195
442 161 678003
109 752 562225
752 915 69380
757 846 68642
586 301 296774
377 846 281716
846 301 707566
194 442 630979
581 159 102224
581 880 643184
581 40 923090
159 281 819060
159 80 502245
159 826 693409
581 281 343979
281 326 586634
281 690 524042
880 80 384728
880 404 680707
880 940 626705
80 326 924765
80 710 904670
80 930 81477
880 326 668924
326 270 616951
326 942 434762
404 710 538606
581 404 583624
404 881 584453
710 270 286230
710 159 685490
710 427 422119
404 270 762075
281 270 274659
270 878 721422
40 826 171116
40 940 281489
40 152 39870
826 690 362288
826 930 276521
826 83 223958
40 690 1486
690 942 705457
690 248 543767
930 940 333847
940 881 421399
940 9 174565
930 942 431927
930 427 122071
930 519 130275
940 942 79655
942 878 961385
942 665 117529
881 427 453963
40 881 181754
881 334 199410
427 878 182119
826 427 898129
427 331 968062
881 878 380543
690 878 743598
878 106 524303
152 83 117165
152 9 326508
581 152 403169
83 248 812582
83 519 488026
159 83 573820
152 248 257426
248 665 815225
281 248 229972
9 519 306097
9 334 408087
880 9 492224
519 665 128326
519 331 428911
80 519 146414
9 665 261792
106 665 649797
326 665 501316
334 331 774935
152 334 276142
404 334 570069
331 106 340220
83 331 80802
710 331 727880
334 106 373137
248 106 904923
270 106 709907
690 331 176874
880 334 741619
880 9 181862
326 690 30704
942 881 160612
930 334 493158
880 930 473819
404 427 447530
710 940 13258
880 940 71627
270 83 585447
326 881 701480
881 248 193057
80 880 98156
281 80 596195
880 248 245979
281 940 386648
581 665 840059
80 326 615983
710 152 742016
826 9 291616
326 665 178876
690 281 974971
940 942 255748
80 83 115710
581 881 802912
880 334 478305
326 404 754836
710 826 61214
40 826 241046
880 152 401407
930 9 891683
281 83 935828
152 334 96918
710 942 84709
80 878 79260
40 930 545813
930 881 602964
942 9 345747
281 83 259866
710 83 915939
281 427 892467
581 334 770227
710 690 537311
710 40 972000
404 106 950055
270 427 726588
270 248 901816
826 581 66184
710 9 244228
180 702 40725
702 131 977922
884 131 311477
884 126 847676
126 147 190450
147 850 127682
850 352 642025
352 27 972338
27 684 418306
684 273 984045
273 918 759712
432 918 514566
452 432 268542
452 925 178716
925 283 886821
283 394 215471
394 172 476285
172 953 254437
953 156 256483
156 477 185339
477 496 950008
825 496 25027
825 175 73523
175 603 755137
603 112 978719
112 617 622488
617 505 165987
505 683 254731
683 630 35641
630 783 499108
783 142 586245
142 787 321712
787 917 379677
917 253 590645
253 157 418615
157 556 544298
556 185 818857
142 157 711508
180 702 38394
953 617 124562
850 505 688032
172 702 775045
147 27 355809
147 432 28900
702 783 924429
394 683 775116
917 253 972440
953 175 55408
702 630 413330
27 953 459981
630 185 162389
505 142 940921
27 787 766160
617 147 345332
477 683 601279
180 787 562021
131 352 678149
147 683 883682
452 283 838547
496 630 434408
131 783 180943
953 142 755854
477 157 57204
394 825 977204
496 556 197668
452 630 42833
452 175 644521
953 496 802509
175 917 387036
112 787 234737
156 630 89439
787 556 28479
283 825 605528
126 283 810546
630 917 565097
556 185 689256
452 394 926182
432 783 639776
630 783 7226
452 683 194274
477 683 536370
156 617 26156
496 825 950713
131 394 342426
175 683 448210
273 283 797770
322 482 835125
838 882 45590
199 258 478763
6 387 366933
6 838 572795
640 920 798901
387 847 252153
454 387 954069
387 640 537861
838 412 914977
117 48 125802
117 701 5976
838 827 241503
838 81 617321
838 322 655417
454 482 688568
117 69 981693
6 898 682047
478 81 330647
916 478 523817
882 258 845523
81 69 874125
6 81 243599
426 827 818259
387 478 727389
387 69 596044
69 412 425222
199 656 401410
701 61 680274
81 199 548996
640 847 184675
640 322 577085
478 258 443426
847 258 377677
387 687 779818
6 847 149221
701 322 695916
701 882 205221
199 57 602392
322 898 461327
387 322 238920
322 258 923324
898 701 668392
81 898 792073
898 656 815170
898 426 435210
199 882 60837
882 920 906566
640 412 474485
640 426 18689
920 426 926089
882 412 361848
847 412 921108
412 482 43724
69 827 783105
827 57 604133
916 827 571424
48 61 426520
48 258 65748
6 48 70687
199 827 41866
117 61 889764
61 656 979398
916 920 605467
69 687 831426
412 57 190390
258 656 790567
258 920 140873
827 258 580511
57 656 717380
6 656 419502
454 656 136493
838 920 62527
827 687 971094
478 687 521959
847 920 18193
48 920 288032
81 920 396381
687 482 186493
838 701 472165
69 482 635005
916 701 526287
117 81 944645
882 656 350803
916 48 312963
916 426 639624
916 69 861401
916 847 732391
916 61 79483
916 258 782055
916 687 227471
916 482 895121
916 412 179910
6 117 523285
6 478 44203
6 199 124675
6 827 129709
6 454 576484
656 920 779327
6 61 81714
916 6 735823
6 322 833755
6 258 958660
6 426 272004
6 701 751836
117 258 379938
387 701 326011
387 199 956015
478 827 48766
838 61 333529
387 882 677807
387 48 502029
387 258 570371
387 898 353575
387 656 746152
387 412 461489
482 387 617832
117 199 830051
827 61 343595
117 656 634135
117 322 627818
117 640 546442
838 69 760837
882 482 920956
117 426 732610
117 882 901072
117 687 184394
838 482 958285
478 48 232466
838 478 123963
199 412 487502
838 687 211446
69 258 352401
898 838 701326
838 656 615257
838 426 531779
827 920 821239
454 847 668610
454 61 600179
454 827 411180
478 701 594903
454 57 494058
454 199 466206
454 882 274414
61 258 515056
412 920 148996
916 454 445034
478 199 579596
701 827 863144
69 701 233783
426 57 98587
426 478 203682
478 920 852784
478 61 252756
478 656 212710
838 640 267956
412 827 716541
387 81 327263
81 258 686061
81 882 84477
81 687 461259
701 426 675379
57 482 323767
847 57 175433
81 61 18101
69 898 147518
81 57 183779
69 882 766368
6 687 953344
387 426 961230
69 199 423412
199 322 714019
199 426 731552
48 687 794406
898 48 114664
199 920 369583
61 687 842208
57 387 943421
882 687 771642
640 656 555943
640 57 268424
69 640 636285
640 898 784513
412 258 949971
640 61 172629
640 258 386115
640 687 891240
847 701 476347
847 882 613121
827 48 791258
478 898 621340
847 426 764913
847 48 677509
847 656 832580
847 482 40745
701 482 710599
920 898 832337
701 48 222577
701 412 500389
656 482 836912
701 687 834601
454 48 9412
322 882 794866
322 57 378634
454 920 228217
322 687 607477
322 920 802438
898 61 784810
898 687 294281
898 57 142655
898 482 756765
898 258 374048
117 847 219639
882 827 956805
838 57 509525
882 48 133399
199 482 767596
426 48 99968
426 258 358422
322 61 721303
61 482 120198
412 61 176549
412 656 183375
454 687 874288
478 412 60953
701 258 273886
387 920 610550
827 656 157673
827 482 974411
48 57 21921
412 48 659047
48 656 578915
48 482 748835
61 57 471310
322 412 350041
847 61 165601
61 920 3598
57 920 854080
478 482 764713
258 687 846685
258 482 227516
656 687 383737
454 81 777506
199 920 139959
454 920 127592
838 199 718058
117 847 767905
898 920 684986
847 656 447560
701 898 106203
898 478 820614
838 258 729044
117 478 343807
916 81 203741
478 847 793698
640 920 674539
426 258 911350
6 412 330985
57 482 71390
322 687 922977
426 48 362677
69 827 715473
69 48 420212
898 258 398176
6 57 38960
454 412 137077
640 57 774683
701 412 876343
640 701 200099
69 701 967363
69 258 870863
701 322 486715
199 656 451030
847 687 232421
701 322 28997
838 640 451254
69 827 278638
482 847 262609
426 920 49390
640 258 306975
6 882 895016
454 199 409130
478 847 50527
640 882 270394
6 827 837262
81 322 436979
640 920 630511
656 482 251691
258 482 481747
81 61 75665
387 117 111216
6 61 632270
664 535 165350
535 764 818557
764 711 27369
711 429 753796
429 37 41290
37 544 74290
544 700 920103
700 293 524499
293 774 54146
774 834 226844
834 437 625524
437 781 237903
781 659 423852
659 729 89719
729 792 301692
792 865 386127
865 367 88574
367 305 411635
305 129 801921
129 448 768181
448 70 800061
70 410 664880
410 842 917008
842 778 238883
778 747 891209
747 734 127515
734 889 405466
889 339 374857
339 105 140191
105 845 825591
845 631 647771
631 10 638777
10 669 167255
669 883 582140
883 179 687548
179 849 552740
849 614 664497
664 614 689979
711 734 878704
711 865 34863
410 747 855793
842 105 47999
778 179 257649
293 781 830930
437 747 348638
774 865 569575
842 179 619092
544 70 473106
792 700 461822
764 293 227228
659 631 877272
367 883 119184
764 845 200644
129 883 874127
70 842 209729
293 659 331466
700 448 801222
774 834 77634
410 669 263526
305 614 465712
669 883 47290
293 179 80277
729 70 715344
842 664 645286
842 849 80334
305 631 77389
778 669 124186
845 849 250228
129 849 735589
792 889 144531
535 544 505051
774 792 751193
437 70 585315
700 792 384644
448 734 929947
544 448 922210
367 883 357348
729 889 115325
664 865 564871
764 889 711
70 845 373478
711 849 74515
842 179 4525
70 883 552347
437 10 910304
437 664 157137
339 849 902728
274 163 472480
498 163 208861
811 163 808589
118 163 179185
663 163 856398
805 163 752786
254 163 349577
674 163 472687
502 163 434566
794 163 158240
508 163 84181
262 163 563678
278 163 632732
163 759 73760
321 163 371541
163 724 438551
163 464 936236
163 511 172849
163 808 257925
163 647 236976
163 895 618419
163 63 557751
163 914 58272
163 42 58637
620 163 616955
163 444 463124
163 196 109496
218 163 346665
163 1 972488
163 857 272450
163 532 137266
163 873 928402
163 501 819618
163 682 569179
163 11 193638
663 262 932218
118 274 804917
647 63 520407
163 63 271259
274 1 817232
118 11 525774
914 873 598351
262 63 778863
278 163 117851
811 663 105794
724 532 846233
262 532 831154
274 508 56914
794 508 358091
805 163 210519
118 464 441248
254 464 824992
464 501 383559
808 218 312411
498 262 396147
759 647 552033
724 914 881703
502 508 297544
118 794 835753
647 857 173270
805 321 535548
508 464 193607
674 647 276342
464 873 231031
508 63 606466
794 163 647368
808 444 593289
724 808 765583
502 218 299963
724 808 640667
724 1 679341
163 444 358384
118 914 93937
218 682 972463
254 682 801176
196 63 880237
857 873 184736
502 464 906484
805 501 785569
674 163 556717
914 218 588066
498 196 190601
647 1 427297
498 42 898556
663 218 237235
430 604 432370
430 735 214128
430 819 228474
604 416 907888
604 386 967608
604 618 366171
735 648 527993
735 122 403894
735 290 473190
819 216 591493
819 516 332351
819 639 974344
416 227 832619
407 416 940342
740 416 869253
386 237 752602
386 575 834506
386 345 564083
618 802 15149
618 127 283418
618 374 931887
648 300 312807
648 107 661700
648 242 645210
122 514 646518
122 564 636502
122 507 887967
290 24 242174
290 582 763340
290 189 213113
216 89 110946
216 138 685070
216 817 672798
516 291 748785
127 514 471976
242 189 142409
290 817 153496
735 290 614596
802 242 901770
604 189 421791
604 639 699566
430 639 546658
639 189 419993
516 802 790323
735 407 711701
107 564 835427
430 374 440856
648 237 239803
237 345 789150
416 575 273306
407 514 492495
507 237 415842
639 107 332135
575 345 922392
618 514 493301
407 127 264398
290 345 874181
735 290 531253
386 138 71593
291 374 228360
290 802 75865
514 618 77645
345 374 335137
407 514 370728
604 189 767241
564 138 857118
290 514 520953
89 138 108784
735 227 775102
242 89 558698
740 802 847063
386 216 212124
648 575 105857
216 740 766271
648 189 805306
242 138 690596
227 107 798771
819 24 859097
735 582 546894
516 817 9047
648 817 345563
604 582 776927
868 260 879477
260 520 191309
959 520 657239
959 546 673836
546 368 44808
368 371 976400
371 726 638337
726 864 326616
864 100 488155
100 418 796520
418 736 257158
736 613 171686
613 288 636295
288 854 589891
854 852 55899
852 503 588727
503 646 3382
646 336 340808
336 192 1747
192 608 905277
608 660 909604
660 952 195722
952 526 117052
526 113 205142
113 234 11255
234 344 363837
344 793 408131
793 389 802318
389 411 714757
411 401 766637
401 723 509881
723 369 177736
369 904 607104
904 518 903737
798 518 4893
798 654 385259
654 406 452043
868 406 934144
852 646 564524
192 406 635507
503 344 881300
654 406 305397
959 518 275220
723 369 84710
344 654 971630
100 113 232337
959 852 409767
411 518 735126
854 411 389823
368 100 366074
608 793 477878
526 904 49566
546 852 793519
793 418 691574
113 654 594700
100 854 136879
613 113 798130
389 369 516284
868 608 21696
546 518 803680
546 389 644897
368 798 225689
100 336 907296
520 344 91035
100 288 619180
726 526 432187
192 959 400999
336 401 230036
260 798 658020
371 406 34766
952 852 720396
401 518 210925
260 608 75126
868 371 342729
736 654 789407
520 613 820001
646 336 654132
368 406 239820
854 344 746858
260 526 340751
864 646 249169
864 608 666153
260 368 447248
726 503 316391
952 654 289504
952 654 108842
854 852 973507
646 904 279278
251 38 776829
251 280 875308
870 555 240122
38 184 482745
38 280 223203
38 447 927386
251 689 783273
184 824 86952
184 574 781427
768 933 154314
343 280 120999
280 555 84797
460 870 283068
768 549 160755
768 174 243258
280 460 56061
549 779 791893
38 549 68528
343 549 829734
251 527 397973
343 275 14190
549 35 763351
38 749 612996
549 422 301609
343 779 75113
184 779 373952
779 527 387834
870 749 605115
870 902 382240
460 555 667829
447 574 935756
174 749 117290
447 871 126963
870 574 241869
574 190 466943
574 35 749987
779 174 974202
902 275 739801
902 749 114494
190 35 463826
174 824 958538
174 835 384220
190 902 757731
190 527 757626
824 871 495558
275 835 237174
870 275 621050
275 472 641168
902 527 270134
447 824 176415
824 555 263231
275 527 679414
527 835 911445
527 749 306836
555 871 932330
902 689 945399
38 555 348793
871 35 719445
835 871 790660
38 871 986848
555 35 384731
35 422 199737
35 184 318838
689 835 946352
184 549 195646
527 689 787253
184 835 520874
280 933 436663
768 835 368087
447 689 209110
555 422 523161
460 422 942137
472 933 955834
555 472 450183
343 472 889506
460 933 514916
184 933 143257
549 933 483075
472 749 27262
35 933 512271
768 749 303047
447 768 680286
549 902 517043
251 447 727944
251 190 600800
251 460 925899
251 779 831916
251 574 467620
251 933 290971
251 902 295596
251 174 826538
251 275 657771
251 472 265518
275 422 172242
38 574 321126
549 870 514189
38 527 724389
38 460 640650
38 779 783128
38 190 598267
38 35 56500
38 174 979594
343 689 874407
38 824 427019
38 933 836721
184 280 817560
460 343 273481
184 870 652554
902 555 98382
184 902 292984
549 555 970513
184 447 504885
184 871 473353
190 184 418538
422 749 264981
184 527 391262
184 749 291824
768 870 671102
280 574 300274
174 933 82462
280 174 292442
835 190 819754
280 779 847058
280 527 297478
280 422 500160
280 275 105300
447 472 137989
768 555 195575
768 472 227424
768 35 339528
768 902 371271
768 689 543739
38 768 573351
768 190 569679
447 749 784667
280 824 30121
768 574 744720
460 574 835588
460 35 525240
251 343 19423
280 902 463882
460 689 515574
460 447 196113
460 174 674417
460 835 786468
527 555 645795
460 824 485089
343 870 292539
343 902 876080
835 343 941066
689 933 975563
549 824 220061
768 871 24120
343 527 794267
835 749 929068
779 447 315113
549 871 399618
549 174 735173
549 835 734394
549 275 749122
549 472 174389
549 527 429453
549 749 335304
779 574 458270
779 835 324562
779 190 891631
779 422 573581
779 275 502614
779 472 907694
779 824 876913
447 527 582275
574 174 980565
870 824 494419
870 871 586626
870 190 607533
870 527 769175
870 35 481517
870 689 181752
870 472 660973
447 902 47705
275 824 242416
280 549 488717
460 190 522733
447 422 422698
447 35 759916
447 835 749394
447 933 963342
574 933 343586
574 275 207049
574 555 706074
174 555 16812
275 871 336857
343 933 876934
574 422 55503
574 749 351189
574 902 5646
902 824 235101
902 835 418602
779 902 226047
902 422 659966
902 472 612615
174 871 347656
174 275 890171
174 689 63719
174 422 361806
174 472 652156
933 749 448099
190 472 69503
190 275 968827
190 689 345144
190 824 678919
824 835 653973
190 749 306359
555 275 412207
275 689 654227
275 933 258722
35 749 232386
779 871 593653
835 422 37972
835 472 691483
280 871 619722
527 35 960452
527 422 804356
768 779 864559
527 933 884814
870 835 575404
555 933 300847
447 555 949458
190 555 321453
871 689 869464
871 472 905543
871 422 714228
871 749 474917
35 689 732192
251 35 436957
174 35 105224
779 35 518166
574 689 864854
689 749 567337
527 472 846558
460 749 958617
422 472 498089
422 933 670841
280 768 338374
275 190 560064
460 871 171031
902 749 86878
343 689 354390
280 527 933492
184 35 267241
779 275 261109
184 190 177982
343 422 899347
779 174 842149
768 174 523101
902 35 669687
184 871 861523
184 343 223387
460 835 366175
871 447 727714
447 871 509953
933 190 863552
870 35 524357
779 472 888478
527 749 776228
768 275 310504
527 933 268538
555 35 556964
184 35 3026
835 555 385421
280 343 570025
779 275 748198
549 574 963237
280 460 446116
184 280 273700
38 190 727356
38 574 812929
768 275 120836
422 749 559702
38 749 8692
460 174 636738
38 871 124119
447 574 268886
447 190 544865
871 38 551901
870 275 527892
35 190 725747
902 35 304327
824 689 988028
749 902 500600
779 174 395978
174 871 785733
38 280 301069
375 456 749250
375 123 387588
456 718 668406
939 456 806991
718 681 401307
718 399 934813
681 853 808994
681 266 616811
375 853 90845
853 483 363828
123 939 513746
123 534 606819
939 399 95789
939 945 714007
399 266 414761
399 354 259796
266 483 347553
266 804 930954
123 483 412063
937 483 548837
534 945 296026
534 56 499894
945 354 452569
945 543 913610
354 804 210115
354 385 399790
804 937 111500
804 923 478560
534 937 481112
937 307 550016
56 543 410700
56 66 800237
543 385 918401
543 187 514565
385 923 951340
385 405 615538
923 307 29257
790 923 824091
56 307 251638
307 494 217797
66 187 765992
375 66 915467
187 405 364550
456 187 545986
405 790 68799
718 405 213239
790 494 108871
681 790 967605
66 494 226871
853 494 829441
483 405 27776
945 354 176430
266 66 579913
66 187 720917
375 399 220426
804 307 33657
939 937 565302
399 804 604263
399 307 94004
307 66 968070
354 187 449308
853 939 103507
681 804 935138
456 937 325804
939 354 304134
937 923 91073
405 494 619726
56 187 839648
123 66 460580
945 187 771542
123 56 518780
483 790 676426
405 494 494677
266 543 485639
853 483 902643
399 354 481337
385 923 385871
123 354 650482
804 790 396308
939 405 233872
718 804 151033
456 718 762204
534 385 774505
939 790 979398
375 945 913270
853 385 925092
56 307 306992
56 543 266985
543 790 364412
375 399 130703
681 187 946685
266 405 101210
385 405 658088
853 385 404419
456 354 736979
456 937 495190
123 543 424440
718 923 399123
923 405 341451
459 552 184883
552 886 611666
886 800 437624
800 934 193698
934 809 192032
809 285 197585
285 597 296869
597 421 395979
421 59 227680
59 497 610975
497 348 848815
348 361 10742
361 662 707671
662 304 804455
304 866 105832
866 241 957020
241 209 872333
209 414 861894
414 225 959049
225 297 486271
297 428 85406
848 428 935020
848 284 299831
284 111 241558
111 570 135918
570 820 889462
820 799 940841
799 667 800442
667 624 796591
624 102 506159
102 99 501656
99 599 654342
599 195 514070
195 610 434799
150 610 54033
150 911 827256
911 29 76630
459 29 251567
459 667 123275
886 421 902473
886 111 86011
820 799 973778
414 667 174344
866 911 426217
421 911 140470
866 570 345062
304 111 598612
497 304 756468
304 348 987345
820 150 788858
111 624 584041
570 667 910669
241 667 408391
241 610 46133
304 414 395714
111 29 520712
459 102 222747
667 800 248930
552 497 30063
428 570 829231
820 304 800079
934 285 542512
428 848 645402
866 820 262227
209 610 961951
209 570 156329
934 348 418052
866 241 947015
348 667 969587
421 102 98463
59 820 144812
848 624 587378
348 866 585370
59 866 225854
304 150 972659
934 597 515819
59 304 969731
421 59 922283
111 150 108163
59 662 730084
800 421 707299
111 610 98310
297 799 693763
414 820 960796
209 799 510179
809 610 242207
304 225 150138
728 946 483754
458 13 137598
728 512 91295
672 512 505046
946 605 365201
733 359 405798
728 463 572114
463 171 222846
463 3 55780
728 605 928963
733 44 74997
470 512 660620
605 912 768281
605 860 566756
44 705 566142
458 912 311778
912 733 461404
650 715 768505
733 860 31339
728 376 889665
733 672 230532
458 376 693024
946 860 281129
860 13 124344
733 376 586367
463 124 941703
376 45 158237
728 392 437510
376 470 523975
666 715 408711
946 3 461514
860 116 159514
359 14 899718
666 3 215969
3 715 673274
3 705 336597
470 116 872802
672 666 715452
392 470 685843
116 715 952044
715 13 364807
116 650 673928
470 715 978275
715 124 189915
45 171 587409
672 124 343221
672 44 328116
672 141 443545
463 13 171107
359 13 178392
13 171 236853
672 650 488540
124 650 284963
376 124 14438
124 45 515493
45 392 262517
728 715 342433
44 912 412345
605 3 788236
116 44 573812
45 705 209887
605 14 175421
728 705 428768
392 650 506190
392 141 18833
3 392 905461
650 14 660775
650 171 105693
605 650 80197
728 3 925545
14 512 816465
912 14 216343
14 141 596212
124 141 230459
733 650 960801
171 512 242297
44 171 461656
715 171 180396
141 512 497889
705 512 951504
376 512 832372
359 124 233612
860 470 733170
728 359 458386
44 512 189288
912 728 149410
728 116 775050
458 3 636355
705 171 724294
946 470 237914
860 392 142790
728 672 337988
728 14 359134
458 666 956076
946 733 934823
946 141 834949
13 44 257250
946 912 21696
946 376 148218
946 672 275492
946 705 67070
116 946 804463
946 650 251860
470 141 685086
946 171 779337
463 458 412102
733 463 864415
463 672 987779
463 45 8827
605 45 552276
860 705 612787
359 512 193051
463 44 206638
463 715 332162
3 14 876885
359 470 422214
463 512 225113
458 116 257779
458 45 418348
458 860 193480
458 705 337569
458 650 860165
463 376 816877
458 715 897238
458 14 553151
458 672 241059
458 359 587592
666 359 507680
666 605 830913
733 666 878939
605 470 640053
605 392 133958
376 605 547331
512 605 82492
124 14 74955
13 705 903717
605 171 342759
912 171 354862
912 672 104531
860 14 457045
912 470 452467
912 45 295325
912 13 324771
116 463 305995
912 650 383200
912 124 614335
666 512 236940
715 672 628772
666 45 869884
733 470 490303
733 392 448441
733 705 366364
733 171 640107
733 124 422541
733 512 713679
860 359 863524
860 44 770247
116 141 946558
860 650 970856
672 13 1554
376 141 188340
860 124 580366
860 512 104536
3 376 939404
376 705 660754
376 715 659611
376 14 305932
605 672 640749
376 171 487554
13 14 883233
376 392 414581
666 116 118232
376 666 656460
171 666 30698
44 14 68196
666 124 194928
666 705 377994
912 392 411668
666 141 724784
470 44 918154
359 672 262985
359 45 245587
359 715 85946
605 124 707513
359 705 421330
728 650 515086
3 171 98856
3 470 40239
3 672 438460
116 45 854336
3 116 822542
3 13 493044
912 3 833559
470 14 154771
3 512 727490
470 45 694735
470 13 132895
470 650 31096
470 124 298362
45 14 522194
470 171 801060
705 650 295956
116 672 410950
705 392 126937
116 124 857837
116 14 96419
728 171 770890
715 705 363119
715 44 955380
392 171 644998
715 141 62520
860 715 155549
715 512 751759
672 45 864961
672 392 386459
672 171 241517
116 512 175287
13 392 290492
3 650 66225
13 141 175999
458 512 859906
124 705 355293
946 14 323086
733 141 717451
124 171 966155
650 512 712189
672 14 453034
860 45 416646
45 512 515588
44 392 457970
44 141 419614
14 171 292623
45 44 698165
672 705 642342
141 705 730396
470 705 428804
912 705 551964
860 3 971952
392 512 963713
650 141 625221
44 650 802704
392 14 172099
14 733 676852
470 392 663587
458 14 610705
733 14 566193
705 650 561396
458 650 96925
376 13 450932
458 470 495655
666 392 29314
44 141 253835
124 650 180260
458 124 917533
458 3 397394
458 470 824694
728 392 631016
376 116 927540
860 44 325892
705 650 251161
672 44 463536
470 45 707269
463 512 416523
605 13 756198
141 512 283815
946 705 251839
733 666 916665
124 45 355611
672 141 471814
728 359 981252
116 13 298102
470 512 809659
463 171 284944
860 392 977339
13 650 89679
912 715 287786
605 14 248911
13 605 49853
666 715 539602
666 116 4593
733 359 798257
946 650 866398
463 376 760607
44 14 294053
728 463 246006
912 470 841983
715 672 294807
912 124 213579
946 470 150194
728 14 651792
463 912 622475
728 650 522942
912 124 406338
652 732 277172
652 739 840050
652 694 778358
732 649 536697
732 79 835435
732 504 617618
652 649 280579
649 53 607849
649 207 868938
739 79 525056
739 927 943612
739 479 476492
79 53 644977
79 465 17187
79 611 710705
739 53 212418
53 72 109818
53 400 9994
927 465 441628
652 927 283784
927 671 315700
465 72 878255
732 465 236732
465 103 190545
927 72 408261
649 72 659891
72 486 399853
694 504 429482
479 694 975702
694 892 953101
504 207 600047
504 611 425136
504 25 958339
694 207 338393
207 400 443026
207 844 427883
611 479 263933
671 479 816210
479 491 543095
611 400 346687
611 103 462709
611 208 774934
479 400 883314
400 486 379096
400 450 660086
671 103 306776
694 671 969420
671 893 710351
486 103 896895
504 103 809932
103 841 411275
671 486 570351
207 486 26158
486 311 905725
892 25 144169
892 491 260962
652 892 730694
25 844 209793
208 25 980665
732 25 234377
892 844 661439
844 450 383089
649 844 282065
491 208 51323
491 893 882538
739 491 721937
208 450 839423
208 841 709373
79 208 698350
491 450 175187
450 311 349714
53 450 189750
893 841 933250
892 893 445269
927 893 718284
841 311 316019
25 841 229799
465 841 492787
893 311 532901
844 311 883381
72 311 145718
927 491 460104
486 450 917107
208 844 591074
739 844 804075
486 844 929681
649 53 663616
694 400 974550
53 25 980178
465 671 540782
671 53 118965
739 450 560390
694 25 296261
892 311 321832
450 893 337640
479 25 984954
400 844 830032
927 208 208851
53 927 634036
841 311 844801
53 504 306539
465 671 74105
491 893 376118
649 400 317874
649 739 219326
694 893 805612
649 465 187161
103 844 148259
652 491 170032
53 72 773789
611 450 684305
844 927 720882
732 79 233803
732 208 22829
652 504 470010
927 103 509007
25 841 124317
479 311 218409
649 491 372120
739 844 328437
311 504 587495
208 72 390942
53 103 250903
694 491 719283
611 491 18294
208 450 121163
103 893 281816
671 486 236437
25 311 512130
732 465 576015
492 215 588100
215 474 230395
436 474 677135
436 158 674058
158 922 177644
922 750 112407
750 592 876896
592 737 548796
737 149 51551
149 347 741291
347 265 512003
265 467 770945
467 696 713500
696 627 501995
627 960 727852
960 879 679475
879 4 182533
4 584 768722
584 469 551231
287 469 380628
287 415 196127
415 803 503014
803 643 726237
643 947 672527
947 720 791593
720 714 846134
714 46 295772
46 658 569121
658 761 106665
761 357 706607
357 955 889479
874 955 622173
874 272 499009
272 510 403384
510 571 315880
571 612 788115
492 612 738252
658 571 325383
46 510 814644
436 879 982630
696 803 431228
467 696 660686
265 510 928047
696 714 476625
592 357 772628
149 287 340933
357 922 51519
215 46 753619
643 571 825706
265 415 341120
737 415 412720
436 750 393947
215 46 892068
415 272 97666
469 720 457593
750 874 74302
158 960 391264
803 658 356174
737 960 436500
658 627 825727
158 947 219088
158 584 890735
265 469 601471
737 803 282339
347 357 14913
592 696 319616
627 510 224398
720 761 50311
265 469 173246
696 720 842679
803 761 689478
955 571 260012
803 467 123674
803 720 150906
158 879 641543
158 415 241006
436 696 346350
357 571 592443
714 436 258299
750 510 125850
287 955 238594
947 955 162050
149 658 888882
803 571 588459
5 119 811043
5 862 164671
5 453 819824
119 691 332115
119 221 502075
119 500 964876
862 950 920859
862 210 475953
862 177 88475
453 717 686734
453 382 683531
453 125 81191
691 894 719255
691 651 846321
691 306 906307
221 433 152470
221 772 348124
221 316 247871
500 495 471678
500 877 583151
500 560 792860
950 213 320427
950 537 504762
950 36 463132
210 531 605129
210 88 401216
210 335 434154
177 393 682489
177 899 186852
177 840 512400
717 626 714443
717 41 830009
717 236 443216
382 110 433572
382 245 129571
382 217 360351
221 393 315602
382 500 839206
125 316 938363
894 626 874806
306 433 203056
210 772 314356
531 236 230133
560 213 530972
5 495 276507
382 899 519145
36 245 179947
119 245 256574
840 217 630091
393 217 278410
877 88 447221
5 110 153797
433 88 780744
125 245 54892
950 899 46193
894 36 744803
177 306 677424
125 217 347663
177 316 796356
221 950 333543
316 41 393712
651 560 266870
125 840 404898
950 213 926675
560 217 943443
717 217 803651
236 110 315550
537 531 625193
433 335 690803
495 560 297605
125 537 81488
433 560 716097
236 217 841919
177 840 675470
651 217 682749
626 236 193343
210 626 333405
862 41 390473
41 245 444862
717 495 782293
36 626 4437
950 899 261175
382 245 25597
88 840 877486
335 840 38157
358 267 193749
358 395 957852
358 836 877058
358 98 445311
358 164 920251
267 395 312393
267 490 944874
267 685 45511
267 164 845305
395 98 403347
395 509 350384
395 490 695747
836 98 457623
836 164 238279
836 246 898948
836 295 981905
98 509 125934
98 295 474248
509 490 232232
509 528 306372
509 295 787972
490 685 737781
490 528 457119
685 164 819045
685 246 14019
685 528 680875
164 246 101880
246 528 705814
246 295 569670
528 295 366317
528 395 681733
98 509 312168
509 685 770183
685 528 551011
836 295 446327
685 246 626603
267 246 668704
395 98 986645
358 685 167177
528 295 447748
164 528 510286
490 528 275451
267 395 976949
246 295 901522
528 295 665710
358 295 766089
509 246 98265
98 528 895463
98 490 336377
509 164 342567
509 490 775562
267 685 36504
836 164 84407
358 267 52294
164 295 311044
267 98 883485
836 490 100369
395 98 894701
509 528 159702
267 685 374789
98 509 546266
836 685 913208
358 164 690840
836 490 253331
395 295 16499
267 490 550275
836 98 305421
395 685 439384
490 246 81633
267 836 371265
685 528 721573
358 528 406565
267 836 164538
836 164 639613
267 528 848342
267 295 610857
515 363 895634
363 299 779492
299 325 94089
325 833 364544
833 286 100426
286 622 95206
622 536 241951
536 302 525528
302 949 35269
202 949 898318
202 197 623247
197 333 50490
333 837 625650
837 85 841878
85 867 444858
867 523 350804
523 165 727653
165 140 409171
140 92 634824
92 565 662183
565 780 160239
780 577 870950
577 20 300979
20 725 907830
725 446 764976
446 315 554296
315 738 141032
738 223 916362
324 223 35241
402 324 712378
402 789 961828
789 33 23648
33 823 933831
823 366 262075
366 856 399091
515 856 323406
202 577 421999
165 856 422724
286 622 341687
515 738 251784
197 92 887555
197 949 245740
622 949 872070
949 333 987826
523 856 671194
299 140 579967
523 33 514240
515 536 804707
837 446 497639
949 867 767579
197 856 462745
363 315 196412
20 33 757045
333 789 800280
20 402 421395
325 33 677101
299 85 329848
223 325 809242
536 85 825295
92 33 312285
867 315 258626
315 223 343068
780 577 236221
223 33 961289
780 223 686262
20 92 639591
833 780 302057
949 823 236809
565 738 195492
202 577 898188
622 20 560857
363 286 666189
302 366 248982
299 833 564327
325 286 754705
197 856 321618
536 92 777865
140 780 257901
324 85 284166
363 402 756947
867 165 430263
515 565 591140
577 324 972893
837 366 531775
302 324 874038
468 623 525624
468 769 487456
468 143 76452
623 181 870302
623 921 551067
623 229 257744
468 181 120542
181 167 9076
181 18 790048
769 921 337985
769 329 272671
769 742 425737
921 167 240921
921 748 432113
921 796 49220
769 167 943012
167 155 223251
167 645 238362
748 329 907259
468 329 670335
329 148 215875
748 155 81864
623 748 435392
748 731 713360
329 155 114035
181 155 975491
155 692 559946
143 229 980370
143 742 282063
143 296 45268
229 18 200838
229 796 367331
229 876 169600
143 18 453645
18 645 186062
153 18 286038
742 796 523763
742 148 468207
742 443 909547
796 645 656300
796 731 704618
796 372 150641
742 645 783872
645 692 537136
645 801 25698
148 731 858422
143 148 311036
148 821 380478
731 692 303151
229 731 29200
731 243 698455
148 692 621004
18 692 144344
692 616 653078
296 876 21631
296 443 549179
468 296 692021
876 153 462518
876 372 302536
623 876 744884
296 153 591058
153 801 15975
181 153 579912
443 372 843934
443 821 960429
443 769 112629
372 801 918224
372 243 94659
372 921 294549
801 443 319517
801 616 797467
167 801 503634
821 243 308868
296 821 178938
329 821 974806
243 616 400843
876 243 546629
748 243 939662
821 616 543124
153 616 749957
155 616 407583
143 296 375995
167 692 788776
329 616 591432
801 243 948244
167 243 860709
243 181 788645
155 645 717404
167 155 81347
155 153 180622
921 821 560518
623 143 104221
229 296 728136
468 296 705393
623 243 578332
296 148 257018
153 372 520992
296 623 62574
769 143 112668
731 801 143945
748 155 305308
167 443 557475
229 296 388498
769 616 663172
769 616 642927
731 692 266351
155 742 434260
243 616 782296
748 443 875660
153 243 184508
155 731 425243
876 821 190759
148 616 804392
155 143 275504
296 243 368545
921 148 449676
645 443 433105
921 143 508159
143 443 753736
143 821 752653
623 645 755478
769 243 82312
18 796 850782
623 167 823838
468 153 103150
692 645 931287
742 731 911077
921 243 483629
155 731 115732
341 713 383382
913 814 639788
391 579 887983
951 655 580563
186 944 366200
346 19 49678
587 550 213166
409 566 609563
675 104 466598
362 137 169086
628 754 937639
569 851 49634
108 869 530482
786 106 20973
331 918 427034
273 482 965801
827 659 350835
764 808 115179
794 604 429334
430 952 117164
411 549 501745
460 937 117445
375 111 433202
497 672 740241
605 103 927705
739 879 930588
955 382 642768
840 490 495623
98 324 412639
949 148 659066
8
175 923
450 583 2 819 338 449 261 466 719 480 852 955 211 880 270 299 224 173 577 372 190 425 486 798 158 153 601 721 77 879 563 439 513 891 237 2 502 272 903 295 382 761 660 815 256 559 876 461 551 512 65 317 20 329 102 44 844 956 536 688 714 41 932 955 146 520 562 184 94 235 516 388 875 309 383 569 545 760 242 389 529 29 374 645 227 114 371 665 390 665 34 875 539 754 93 290 177 313 417 54 633 369 249 131 4 544 447 855 497 397 472 291 591 751 787 683 6 136 450 141 802 87 592 177 659 414 81 680 820 849 857 323 822 622 396 370 434 230 250 229 151 862 575 75 668 956 422 156 958 211 595 834 532 529 828 408 733 103 91 219 204 611 420 234 802 44 952 372 715 311 167 888 759 352 601 10 907 867 763 360 909 596 577 265 773 332 177 295 730 26 609 387 536 819 541 614 289 923 301 572 710 567 506 626 209 532 172 186 289 757 206 124 646 162 864 650 394 396 1 942 48 229 841 702 334 213 358 316 6 601 101 486 189 419 886 767 483 542 425 807 852 336 25 568 125 28 932 703 946 112 871 891 397 792 418 739 810 270 749 824 649 508 37 887 492 830 430 915 264 125 620 202 889 86 384 413 660 901 270 248 764 136 260 177 262 373 527 267 242 104 740 294 717 303 100 56 34 767 686 604 958 520 410 684 33 472 793 556 516 398 492 309 137 617 295 241 518 507 369 638 512 342 426 190 198 139 680 326 151 337 926 409 500 683 923 456 587 957 381 933 765 323 125 354 281 38 487 741 233 267 704 708 748 804 354 380 666 236 94 956 767 702 332 905 492 955 894 133 104 616 463 266 220 437 413 322 506 747 48 930 394 543 273 665 719 226 659 313 591 20 782 944 678 944 424 200 8 577 391 170 780 56 666 408 67 243 289 264 842 611 534 593 109 540 936 102 77 85 260 901 111 664 788 622 184 644 165 123 924 312 860 309 848 278 814 376 262 142 547 67 903 13 590 111 950 131 607 164 263 176 181 50 604 244 46 353 830 72 335 387 627 902 904 175 136 241 235 361 606 487 911 131 905 643 951 246 760 360 879 683 397 549 403 823 620 896 782 284 341 246 554 853 783 492 55 336 884 539 104 682 819 438 446 726 72 949 278 877 397 929 935 768 950 883 61 12 800 781 398 934 762 473 850 456 398 845 829 501 504 431 661 628 640 98 748 900 720 752 655 226 290 365 138 454 491 815 5 508 444 221 151 504 252 654 586 362 132 793 116 694 485 414 688 253 251 731 262 846 906 614 454 267 841 77 595 234 657 240 73 486 837 918 898 941 713 197 680 901 825 709 947 501 934 510 876 281 354 663 510 651 84 449 723 761 219 821 792 864 267 184 12 720 93 177 415 471 574 353 398 818 855 761 411 217 819 764 754 587 801 277 466 653 861 660 877 739 336 249 273 878 177 35 670 536 131 638 495 340 292 537 419 594 599 325 16 320 885 883 496 151 367 273 193 536 7 200 216 549 16 155 250 676 38 28 36 77 403 650 212 401 805 106 919 381 583 268 787 648 59 947 856 517 22 760 327 117 695 597 540 289 804 419 426 390 918 752 331 217 709 654 444 870 312 274 45 86 125 268 299 81 64 111 208 360 592 789 728 302 502 761 744 578 443 428 172 147 176 611 822 816 47 307 407 308 256 621 808 356 285 687 444 124 746 268 760 306 888 803 893 63 307 391 376 895 592 677 85 685 645 900 876 843 725 618 613 910 528 82 198 781 192 614 751 933 125 115 604 88 137 881 387 626 764 178 454 753 519 519 240 891 834 236 778 551 858 381 426 76 791 505 125 318 590 561 740 492 129 201 597 643 811 773 610 443 326 875 269 29 142 628 26 462 572 660 633 242 624 343 592 910 818 494 832 727 720 460 559 846 565 691 855 360 475 140 797 151 296 640 616 825 902 921 68 536 817 853 404 678 757 633 326 227 231 117 150 946 900 41 162 244 503 47 915 410 568 275 820 638 572 570 410 536 886 645 552 773 614 133 105 357 744 500 917 263 73 346 391 434 949 875 228 27 129 574 840 848 908 518 208 454 413 320 942
523 707
121 695 447 890 371 274 81 834 780 526 72 951 290 93 509 359 915 194 166 589 222 616 39 612 447 739 75 921 890 855 676 679 269 13 744 911 550 348 182 338 137 43 578 515 220 148 511 47 206 504 935 502 654 10 331 206 228 659 146 858 502 76 740 555 522 658 112 615 740 447 568 536 895 134 357 700 409 719 286 260 875 391 668 469 260 326 941 110 90 191 249 427 849 738 203 930 870 660 942 182 257 503 775 645 302 642 57 638 572 233 456 360 154 25 576 333 114 328 287 7 630 31 386 867 950 470 425 163 147 937 295 939 858 391 498 60 468 742 594 704 424 65 1 273 155 501 846 615 459 388 235 524 562 217 763 18 749 298 828 777 652 78 376 562 697 928 641 830 693 266 609 263 761 922 799 749 83 814 467 2 62 95 670 170 948 320 686 864 924 477 266 855 658 637 327 183 917 752 588 543 71 895 306 899 362 608 505 138 800 455 415 681 173 777 509 188 547 167 742 396 106 811 794 722 215 118 775 22 642 551 315 913 922 960 841 600 94 760 927 932 115 729 494 649 172 192 606 184 478 876 524 627 301 883 859 114 807 383 917 52 248 903 229 628 541 798 432 248 877 525 169 233 534 558 7 679 564 855 728 250 475 820 210 9 771 324 819 861 231 243 745 851 638 530 549 829 492 74 464 459 588 565 55 671 240 524 395 105 944 849 56 252 169 516 387 669 427 741 72 440 947 230 209 538 461 519 818 186 47 715 923 416 618 460 929 389 739 668 758 450 654 879 221 303 455 360 386 369 583 628 763 890 828 779 49 262 244 68 663 765 55 424 245 689 717 812 822 614 169 47 68 840 524 86 738 147 498 270 533 627 428 558 90 590 45 55 535 527 916 230 743 331 891 816 373 214 875 891 100 644 555 226 706 103 378 82 746 474 794 722 574 423 64 555 641 696 503 149 339 938 158 555 640 244 300 527 758 14 408 29 547 501 385 551 628 591 117 496 750 62 883 957 903 361 741 24 735 660 754 462 939 49 848 550 247 461 671 872 471 945 772 259 924 300 429 736 185 685 43 12 71 180 260 193 381 371 221 375 182 269 582 515 76 114 815 83 734 453 527 426 735 850 184 856 466 579 783 237 839 168 415 949 357 199 517 329 64 859 734 716 810 49 256 687 783 78 741 282 484 118 914 862 50 136 375 120 200 636 904 619 601 396 372 145 197 746 540 821 419 81 931 880 914 883 347 26 565 853 231 383 641 640 468 261 367 38 250 447 520 347 416 932 521 430 230 55 100 323 438 610 808 233 756 704 217 317 64 307 344 488 611 879 477 116 198 120 12 320 648 806 443 598 713 90 354 839 489 328 655 120 619 749 206 530 860 938 62 155 490 463 867 59 138 828 757 386 112 605 662 153 512 416 542 853 216 492 414 853 748 285 582 43 884 318 340 606 661 712 645 717 837 325 478 511 861 837 224 459 385 737 307 308 131 592 457 198 410 138 460 764 264 397 631 800 753 386 210 553 99 272 466 939 793 300 625 50 826 727 512 832 451 957 169 684 583 744 502 893 475 30 419 678 783 504 231 740 517 650 4 661 518 742 251 193 156 421 137
867 794
731 571 236 629 557 168 865 218 696 328 683 766 478 715 931 722 375 493 206 61 552 601 55 808 462 355 636 344 802 393 262 290 912 556 36 8 102 248 917 802 808 632 478 655 234 213 638 320 912 464 503 764 738 304 200 691 238 62 889 647 453 653 349 113 264 741 179 815 255 226 694 622 324 34 490 916 485 941 89 393 163 256 891 792 356 519 641 619 442 571 817 294 799 552 357 938 819 929 744 315 239 183 225 62 204 184 452 827 654 513 641 114 427 237 824 586 856 806 519 775 428 731 131 700 56 60 945 166 482 181 342 793 770 20 463 188 199 943 737 75 908 8 630 790 48 590 388 630 919 407 89 955 819 327 473 166 130 717 270 809 643 157 219 531 903 636 310 627 744 867 282 520 158 581 134 861 882 403 691 505 363 360 928 308 48 920 89 790 786 468 617 104 924 286 220 401 533 525 429 239 327 452 359 921 470 763 679 445 783 748 768 621 851 202 469 110 273 861 418 150 212 312 92 339 623 433 247 761 176 258 589 538 210 512 899 654 862 513 500 47 485 40 280 630 797 765 677 800 952 53 134 241 347 907 32 479 698 249 339 818 483 254 935 386 94 815 628 554 697 859 429 828 898 26 512 733 476 198 629 380 509 732 689 195 901 217 147 600 951 41 744 158 630 916 106 111 343 946 913 717 939 702 704 247 404 932 110 696 372 170 302 728 457 546 115 490 281 610 324 410 343 135 629 547 750 453 748 567 535 36 635 513 598 478 753 549 831 252 305 94 440 785 240 328 894 175 816 760 548 529 820 750 693 342 395 867 302 495 754 762 526 700 394 860 363 604 603 151 470 98 873 686 755 482 353 509 839 954 513 342 513 840 537 609 856 400 815 102 647 396 616 888 623 283 949 36 921 442 524 242 557 354 406 797 425 66 330 340 265 83 795 879 872 522 661 49 492 727 469 159 275 584 881 293 383 476 940 625 35 581 208 165 252 602 762 256 200 429 193 803 874 147 321 634 953 38 338 182 922 622 138 305 672 813 26 642 81 403 226 557 571 509 593 685 249 239 655 255 369 477 282 778 181 503 367 9 487 237 646 49 883 417 514 440 137 819 73 406 836 455 666 646 95 933 895 352 801 794 369 389 165 304 485 98 403 952 897 854 635 3 221 421 153 797 90 250 806 585 853 837 783 144 735 546 668 224 573 563 234 38 368 407 697 624 161 361 256 781 846 345 169 815 753 2 254 332 872 218 377 181 957 911 337 318 581 151 591 188 270 401 5 143 87 568 348 532 468 380 408 320 674 269 222 835 331 899 645 422 47 822 305 793 74 98 321 487 773 808 369 262 944 845 631 76 195 638 53 819 530 456 348 620 143 540 697 362 287 178 839 247 274 511 45 683 644 134 720 412 714 305 296 529 232 869 381 195 227 395 773 89 582 84 698 516 796 404 523 750 639 467 769 220 256 599 498 811 52 270 277 98 571 919 140 571 687 373 412 71 668 715 904 290 779 512 698 369 822 176 920 306 470 387 748 634 388 757 10 60 612 518 200 304 100 489 514 763 95 525 181 132 474 426 361 293 34 691 795 850 400 514 872 227 529 562 386 578 81 19 319 134 421 396 533 554 81 113 679 482 375 19 646 109 399 39 645 302 74 55 308 453 63 656 851 639 516 688 518 910 814 730 68 460 144 690 347 624 591 323 362 853 585 960 8 688 7 119 739 49 167 261 856 281 99 863 220 943 756 345 765 525 543 592 357 616 525 724 667 364 952 661 111 20 725 13 486 148 518 291 926 61 866 901 229 204
602 751
518 617 842 148 952 905 574 607 77 612 314 867 913 280 626 25 199 923 253 679 399 170 405 288 808 78 527 811 520 155 78 397 27 650 818 529 742 531 281 806 458 670 208 149 312 597 792 396 175 183 6 636 328 230 639 803 142 719 517 755 417 70 551 482 435 498 747 657 172 612 506 767 49 317 591 709 824 448 264 176 216 267 244 304 619 854 175 308 571 652 270 286 173 486 850 819 767 840 436 107 376 223 605 571 231 666 616 639 166 264 10 375 445 532 432 813 910 796 360 84 288 627 491 626 305 938 656 492 676 419 452 304 75 890 564 615 202 556 241 244 150 16 662 229 53 506 223 623 15 754 714 575 499 275 834 946 125 780 617 4 96 347 648 154 101 513 211 171 89 462 149 109 328 684 727 317 483 598 490 343 604 3 135 35 843 421 783 606 555 658 643 946 939 423 323 483 617 744 377 782 846 332 929 768 430 702 291 91 681 498 110 298 506 269 490 953 571 678 227 881 770 487 292 428 939 19 785 349 105 610 229 720 245 77 889 687 507 224 421 145 646 535 404 358 736 872 461 544 377 899 956 40 888 230 562 187 330 878 893 209 813 798 630 316 584 282 621 843 84 832 11 574 444 299 477 239 619 799 465 83 792 343 29 574 479 571 326 712 760 481 463 697 750 906 636 274 557 94 725 82 9 915 841 302 173 135 60 869 813 531 304 920 218 567 668 752 259 289 878 78 502 655 339 595 908 736 597 478 763 498 946 134 475 227 885 264 844 786 447 649 233 903 907 739 285 135 186 358 414 690 259 907 179 937 48 879 320 30 861 271 543 244 857 241 687 504 839 542 897 405 816 665 590 114 30 870 618 128 648 897 42 546 918 938 108 782 899 57 896 807 196 840 97 317 544 620 626 254 922 673 413 667 551 128 50 57 645 865 411 147 649 263 513 875 719 94 342 409 13 693 607 377 522 283 630 129 349 727 21 141 810 900 262 669 603 847 668 771 867 100 768 237 780 491 124 855 563 4 473 899 315 614 139 769 538 842 94 533 737 567 158 686 505 595 648 205 460 914 162 89 82 217 727 471 648 471 365 808 780 781 440 236 341 883 497 926 688 653 181 4 680 904 624 732 243 73 401 280 874 36 75 21 184 683 921 891 878 191 458 727 959 905 926 546 552 400 464 348 123 845 283 901 753 576 123 327 858 276 798 944 351 36 707 691 319 439 121 923 951 947 23 300 673 676 104 368 359 414 114 322 271 799 219 903 102 250 878 342 281 932 760 127 164 58 322 96 365 914 652 78 702 215 691 454 197 342 958 1 465 413 741 8 167 442 487 59 131 280 171 395 472 475 289 838 743 20 262 94 289 194 24 284 758 57 67 133 508 32 544 128 656 437 635 6 584 544 73 255 668 317 370 460 143 129 49 758 931 660 644 652 92 699 826 176 915 873 522 495 649 129 938 434 813 28 56 329 99 632 64 382 789 340 163 85 66 526 833 821 434 355 113 641 146 398 17 389 800 168 270 115 611 787 733 197 658 797 463 868 204 841 293 928 708 632 816 237 518 341 227 303 413 746 657 631 353 352 634 299 886 614 435 274 356 707 322 207 219 938 924 689 382 772 738 245 624 210 68 334 177 217 851 657 676 1 3 675 725 836 356 275 791 294 473 930 588 401 944 258 56 783 524 407 73 867 594 231 893 893 199 945 662
570 842
399 931 122 571 722 834 823 395 836 388 900 292 378 877 476 470 253 335 217 65 619 720 70 488 527 476 156 159 408 332 935 227 199 772 916 804 188 397 368 928 173 187 601 514 387 297 581 708 544 28 136 464 198 511 889 732 90 541 132 36 355 73 664 347 896 74 940 496 773 524 444 138 266 468 54 872 196 196 513 642 311 595 386 85 36 424 407 99 247 227 904 826 213 489 746 391 493 345 915 473 386 231 650 169 950 579 519 28 422 444 144 448 195 612 78 865 302 439 255 183 556 125 199 586 879 734 337 612 271 705 896 400 123 737 120 432 738 199 737 700 559 596 329 840 443 587 255 299 557 526 101 873 442 936 312 633 479 449 87 707 814 553 354 672 391 946 712 335 178 632 330 641 758 545 562 709 637 786 120 227 748 836 813 68 938 888 262 766 629 564 110 283 385 291 7 904 86 776 808 416 810 733 470 270 789 382 115 601 139 455 4 309 910 167 878 903 634 267 60 920 889 398 125 203 959 51 415 823 843 670 940 902 941 897 23 223 932 413 330 900 406 342 269 492 855 254 93 481 556 615 842 837 773 427 634 164 478 153 241 304 424 587 182 256 91 756 114 744 747 352 826 230 852 274 208 447 136 221 483 37 806 830 477 7 122 735 20 766 850 456 667 336 512 951 469 259 91 782 264 150 112 399 899 244 641 934 66 885 253 233 382 449 917 269 757 784 874 931 589 907 329 860 84 912 624 866 446 821 195 487 599 675 402 448 891 65 353 295 172 654 583 703 20 138 556 931 29 561 374 503 873 430 9 916 585 580 943 145 954 913 702 348 722 621 256 258 326 787 903 949 183 850 832 210 132 442 521 29 768 911 930 364 773 912 305 774 537 574 520 782 237 616 507 158 137 856 419 59 151 674 734 943 763 112 600 97 302 340 692 300 892 680 369 62 579 506 847 457 565 686 495 794 93 293 137 695 539 865 143 464 888 908 66 380 41 99 727 627 223 65 487 3 697 593 111 109 545 259 270 230 900 587 663 132 300 177 162 125 517 818 496 83 604 145 908 258 493 339 753 592 871 516 138 537 437 473 719 627 697 100 149 858 500 137 535 412 19 866 161 420 892 946 689 929 894 615 681 610 447 731 575 727 432 384 424 839 880 687 241 570 818 432 938 725 912 163 863 627 657 138 261 490 595 315 292 547 238 311 296 470 768 122 356 938 189 888 657 402 401 696 620 421 34 546 811 606 703 536 287 885 278 26 425 225 926 936 769 855 191 402 892 325 930 946 692 921 325 590 536 172 536 293 506 944 338 671 346 441 374 475 526 15 576 53 720 282 214 215 579 815 952 202 876 591 808 229 143 920 246 267 8 46 106 890 717 293 215 120 571 452 837 161 674 523 277 930 529 19 77 576 703 922 85 928 347 293 636 779 780 529 648 149 209 789 341 371 117 436 498 484 97 108 798 520 397 336 742 909 658 30 551 230 658 249 146 759 272 903 390 892 310 458 518 821 59 865 847 743 73 563 73 702 791 324 232 933 127 742 349 173 451 884 435 571 503 27 884 586 411 820 703 626 403 650 899 31 557 115 818 157 629 131 592 911 595 592 193 171 25 331 816 492 512 109 681 22 150 32 284 331 474 529 539 128 447 39 719 536 620 629 776 691 597 77 482 246 950 626 405 123 703 45 752 299 26 250 154 304 557 541 381 380 577 416 756 882 458 915 182 829 467 520 95 873 479 129 429 933 719 481 680 724 103 819 602 650 29 865 10 210 283 392 841 159 678 814 311 55 81 340 863 596 208 78 681 258 124 606 247 548 250 137 873 616 490 612 660 498 621 419 180 164 685 628 596 310 897 565 373 99 398 629 177 311 959 432 173 152 648 609 352 458 764 738 520 331 492 887 74 530 270 637
214 709
555 139 352 181 548 854 819 944 214 440 243 923 803 928 859 156 682 781 530 7 117 392 112 553 439 68 440 248 649 441 835 449 701 19 744 535 804 879 184 401 542 251 765 954 622 505 331 957 395 618 710 706 104 140 258 252 909 236 6 816 277 756 942 300 390 103 619 316 129 494 502 672 442 782 599 292 539 201 535 279 790 801 432 626 85 806 349 417 45 1 550 267 824 555 869 632 629 27 899 769 349 785 507 476 17 765 520 242 774 170 53 830 913 896 323 272 832 203 538 56 946 417 898 487 560 725 928 87 595 529 7 773 108 192 526 911 198 818 54 199 134 796 369 413 7 225 298 562 333 675 671 895 131 751 844 58 815 380 39 569 954 810 237 917 741 268 7 167 838 940 617 728 641 342 758 255 72 887 846 802 432 484 812 479 953 323 202 37 8 928 531 379 669 319 89 498 262 141 211 954 513 509 209 628 18 597 260 608 725 780 268 178 356 308 379 614 609 92 327 168 170 877 711 242 680 913 562 531 307 454 691 459 635 81 50 54 943 502 208 191 429 384 908 407 849 367 391 867 916 96 60 274 748 304 55 807 694 64 833 889 779 694 938 589 722 292 252 172 450 493 759 931 673 522 691 819 752 823 115 79 901 520 332 642 114 751 87 813 711 876 774 58 732 804 132 8 149 635 47 38 638 737 85 596 415 25 534 309 13 905 372 922 184 378 385 796 386 912 789 136 150 420 767 665 655 128 487 893 427 59 134 100 857 22 820 34 51 253 478 399 700 440 159 872 514 815 588 784 436 19 875 407 811 929 366 339 63 135 585 777 223 389 464 442 560 435 728 738 886 525 654 39 792 606 377 763 424 916 547 699 527 843 664 807 768 556 511 745 689 272 191 113 289 25 758 887 121 667 390 184 79 696 243 928 616 585 680 240 605 81 730 791 866 242 61 810 30 341 617 543 510 56 594 279 442 858 916 539 120 14 380 357 687 85 731 656 553 633 321 493 798 842 644 690 176 912 291 676 371 384 208 858 361 698 254 32 57 15 508 502 99 660 355 362 648 188 467 749 618 188 196 64 809 947 300 400 864 807 246 578 776 428 647 323 894 342 910 846 154 196 932 926 727 169 144 102 608 277 754 136 633 329 771 462 436 879 597 551 642 723 105 338 222 309 30 162 601 706 291 81 236 608 942 538 651 592 835 301 892 226 884 606 528 184 832 102 957 723 475 680 435 724 701 778 802 344 728 643 467 442 47 300 796 750 527 886 889 830 578 360 420 258 319 628 756 233 324 959 43 296 181 773 826 28 491 636 41 122 324 111 299 162 276 946 286 372 482 909 473 511 582 711 576 509 123 557 320 654 361 39 774 354 621 573 488 585 823 314 111 3 368 275 932 814 28 207 325 537 926 489 193 933 107 843 24 191 850 110 246 812 356 397 329 898 434 837 336 417 33 281 153 477 475 571 219 644 275 435 855 582 106 664 785 229 911 457 212 328 672 782 253 59 487 452 95 794 104 504 599 576 425 300 639 136 640 133 129 15 915 939 552 610 513 524 209 836 591 149 462 192 46 747 678 62 358 710 410 587 888 2 751 154 265 696 930 173 509 493 352
795 933
693 806 597 49 260 544 438 78 42 639 709 699 528 657 223 851 520 74 48 714 128 518 939 743 548 921 363 244 222 309 260 396 445 585 300 933 504 724 661 678 499 900 76 7 350 905 377 33 636 171 574 261 142 403 851 260 585 929 251 63 569 91 529 305 516 288 888 256 721 872 172 601 810 103 847 374 46 286 702 486 285 252 220 365 273 441 610 304 817 850 487 589 280 228 915 625 246 940 478 832 447 874 757 316 849 79 535 404 348 119 114 861 183 756 157 586 410 235 252 540 820 700 823 16 392 204 258 923 720 395 336 442 116 730 151 440 267 285 343 774 127 731 3 845 317 641 296 817 620 244 56 598 254 902 794 829 645 230 573 456 110 234 259 933 89 551 488 621 341 672 876 787 546 605 837 873 856 833 822 179 492 573 251 846 274 530 410 734 775 845 473 50 655 330 29 802 845 421 323 631 757 833 391 92 724 653 734 734 892 25 522 113 275 174 748 473 879 711 879 313 742 493 282 468 2 939 1 29 432 798 553 99 516 86 354 238 704 633 100 36 573 429 40 422 703 104 632 229 555 543 696 280 122 3 258 841 882 888 516 612 574 681 864 32 707 449 678 579 889 400 862 883 843 271 807 603 253 309 885 695 102 704 29 831 90 222 709 168 255 873 910 899 16 171 709 261 323 675 212 117 229 919 636 751 635 269 627 518 390 271 899 197 461 734 212 944 717 182 308 676 92 10 522 7 269 243 476 32 480 122 749 132 511 793 455 102 45 540 334 623 481 851 245 621 92 451 427 871 130 453 234 855 881 448 294 663 305 647 463 883 238 551 669 38 913 363 884 804 691 837 275 318 170 825 169 493 630 732 647 750 870 675 862 84 474 590 918 935 389 425 835 99 868 160 719 118 238 79 188 18 575 651 651 779 228 550 508 433 538 424 11 300 151 630 482 462 805 475 170 398 104 236 110 465 220 370 239 896 732 878 475 270 423 395 708 421 901 682 640 143 392 743 416 806 564 43 391 588 51 461 609 657 170 30 619 521 727 578 188 198 260 722 211 862 591 517 107 303 515 259 125 857 896 454 237 53 293 811 217 180 287 67 460 528 680 11 121 519 650 829 621 670 850 945 383 91 231 939 797 148 662 235 248 833 344 730 122 661 411 544 845 586 902 73 924 500 59 906 679 889 129 736 428 36 602 876 698 710 933 546 706 91 927 111 677 791 307 41 135 765 441 88 555 244 686 832 733 44 657 493 596 29 723 589 38 565 761 780 239 759 27 811 141 77 587 366 764 33 453 571 378 60 959 167 247 669 36 245 420 784 45 516 946 423 916 432 628 17 350 508 750 959 699 418 400 721 237 812 15 716 296 12 702 387 96 83 55 742 419 884 524 240 181 531 607 452 753 937 307 115 445 278 489 198 186 860 795 662 71 704 530 382 219 156 319 507 725 683 639 298 474 11 773 723 936 305 699 640 388 610 738 553 551 509 670 783 375 752 615 290 507 95 199 523 507 470 724 180 77 238 401 782 555 72 631 769 851 501 603 774 602 881 624 507 561 155 782 748 114 493 620 470 309 243 800 369 418 49 807 844 635 35 456 382 482 830 947 912 899 754 151 252 184 296 251 140 491 871 3 153 647 935 912 820 773 429 441 13 516 156 107 202 338 28 208 11 100 669 319 581 202 416 122 917 850 342 294 938 877 941 279 744 94 468 480 535 851 885 885 21 893 467 504 110 679 736 94 597 579 171 133 217 633 184 289 610 453 497 856 520 285 21 43 708 731 958 431 146 936 582 561 488 787 523 221 464 273 263 162 163 623 263 387 583 347 14 816 444 105 306 132 424 626 653 383 428 282 81 632 903 875 615 137 711 540 139 65 219 771 337 84 697 640 544 895 551 423 412 148 3 869 645 879 722 21 391 742 20 647 4 906 127 584 9 64 652 882 139 703 612 129 727 282 165 343 952 355 913 338 87 399 787 309 508 933 342 920 105 888 313 431 350 582 390 242 460 277 905 125 785 358 256 199 821 425 587 192 702 944 800 882 119 698 889 233 436 497 612 594 570 421 749 523 73 493 759 181 101 225 804 145 865 31 662 659 818 737 489 526 573 922 96 59
921 719
15 518 134 922 954 958 444 460 243 494 933 942 749 794 238 940 611 291 851 930 568 502 178 896 784 188 210 568 220 803 347 303 211 698 651 656 905 744 191 71 466 72 175 275 128 942 707 668 277 68 115 578 632 886 487 890 833 698 863 862 443 298 295 594 255 280 465 551 926 490 908 31 604 99 428 316 812 45 571 863 310 362 908 563 833 89 758 66 799 850 216 802 305 448 462 209 230 552 521 170 711 448 327 250 719 651 777 663 845 652 392 854 101 471 667 44 405 772 437 716 506 340 23 705 857 92 669 385 870 674 45 506 910 515 461 423 671 900 141 773 312 386 536 495 663 933 527 788 925 829 254 937 268 682 629 509 219 265 61 313 828 76 247 759 425 476 465 921 416 802 58 199 941 351 211 871 667 513 393 328 320 617 714 805 742 566 173 554 379 626 54 254 247 607 619 822 504 761 261 80 916 907 208 242 276 328 907 424 773 513 249 764 142 170 821 394 762 843 564 477 481 302 867 910 601 341 567 462 307 882 435 247 809 75 414 875 27 153 693 809 559 211 388 345 953 7 372 215 476 374 271 846 80 712 811 171 708 643 46 237 206 58 497 314 810 322 351 14 931 68 431 851 35 83 500 96 477 862 120 414 644 753 170 311 727 89 847 746 931 484 171 138 551 631 503 275 33 4 716 22 910 518 543 415 712 516 814 454 861 821 727 300 186 771 762 629 720 66 930 409 313 935 88 201 871 880 402 700 279 162 495 625 899 157 541 325 573 90 826 561 947 196 866 821 738 709 583 343 879 895 725 937 955 804 153 940 231 72 573 310 318 799 211 504 944 434 866 23 569 356 675 676 70 686 349 936 533 146 636 662 311 120 112 254 520 953 958 190 517 245 286 588 70 588 240 422 502 798 532 649 564 306 110 568 512 612 334 689 758 842 147 103 432 155 607 65 255 413 472 847 524 701 421 389 59 793 82 885 435 5 855 221 582 140 402 441 25 109 303 694 205 228 368 169 812 837 337 274 480 540 623 332 126 321 739 557 461 438 404 199 450 432 319 283 752 843 369 379 141 895 366 344 243 516 71 919 828 94 659 278 169 898 584 103 186 293 538 264 374 716 164 885 357 233 844 340 805 644 697 822 821 235 867 879 605 347 823 558 409 640 768 352 110 765 268 713 748 419 776 432 300 951 486 420 930 920 747 393 528 717 364 860 593 559 847 35 737 751 739 954 119 454 262 854 171 570 35 733 529 772 888 258 457 18 29 719 199 169 269 929 277 219 796 244 403 157 809 554 720 301 822 819 504 853 263 107 505 658 219 108 820 663 3 368 403 254 741 72 392 753 888 605 778 232 671 947 157 710 708 58 382 473 947 375 691 23 337 561 495 854 478 429 466 362 704 957 570 121 598 663 271 484 596 570 484 176 556 300 206 258 500 473 184 497 612 118 868 813 450 957 89 423 856 374 544 901 50 891 758 680 570 810 281 493 468 527 324 684 169 499 691 954 716 118 714 773 136 322 703 357 165 560 558 946 429 817 460 1 841 904 733 430 691 579 142 627 53 135 568 901 747 489 30 577 700 382 238 835 554 924 942 62 561 842 304 288 60 878 888 816 944 302 37 36 110 245 740 385 634
