32 100
16 25 17
16 32 5
16 29 16
25 8 16
24 25 13
32 8 30
32 27 40
8 14 30
29 24 24
29 27 16
24 14 32
27 14 12
24 14 16
24 27 31
25 14 22
32 27 25
24 14 14
25 32 4
16 14 32
32 24 28
32 29 42
8 24 29
16 27 32
17 13 42
13 4 32
4 28 38
28 7 49
17 7 24
13 7 45
17 28 22
17 4 41
13 4 8
17 7 47
4 28 34
4 28 3
4 7 26
17 13 22
17 28 30
12 9 17
9 10 14
10 5 32
5 18 37
12 18 5
12 10 44
12 18 18
5 18 41
12 5 16
5 18 37
9 5 11
9 5 45
12 9 9
5 18 30
9 18 30
10 18 10
9 18 8
15 20 41
15 11 25
20 6 19
11 6 42
20 6 4
20 6 32
15 20 43
20 11 17
20 11 15
20 11 7
20 11 14
20 6 34
3 31 45
31 23 28
23 22 9
22 30 28
3 22 21
3 22 31
23 22 7
22 30 5
22 30 11
3 31 47
22 31 36
22 30 37
3 31 42
3 23 34
19 1 32
1 21 24
21 26 9
26 2 8
1 26 32
19 21 39
19 2 38
19 2 42
26 2 46
26 2 47
1 2 35
1 21 35
19 2 40
1 21 19
16 17 14
7 9 15
10 15 45
20 22 25
30 21 14
1
9 3
7 11 29
