97 305
72 12 27
44 72 30
72 18 23
44 85 33
12 35 21
44 4 35
4 85 24
4 65 43
18 35 41
18 85 43
35 65 43
35 85 48
72 4 39
72 65 45
72 85 31
44 18 25
12 18 34
12 65 31
44 35 32
44 65 44
4 35 34
85 65 43
18 65 28
72 35 25
12 4 29
35 65 28
4 65 32
85 65 45
4 65 20
72 35 43
72 4 32
35 85 21
60 6 26
89 6 27
89 68 41
68 94 35
68 94 45
6 68 35
60 68 29
60 94 45
60 89 32
6 94 34
94 89 21
60 6 22
57 25 42
57 34 34
25 43 36
34 43 36
34 43 31
25 43 44
57 43 36
34 25 28
25 34 22
43 57 28
57 25 27
20 39 34
20 33 49
20 52 47
56 69 20
39 56 44
33 69 38
33 83 31
7 83 35
56 83 23
7 52 32
7 56 20
52 69 41
20 7 45
20 56 44
20 69 38
39 33 40
39 52 24
39 83 43
33 52 40
33 56 36
33 7 20
69 7 35
52 83 42
69 83 43
83 33 31
52 56 35
52 69 38
20 39 24
7 52 41
33 83 20
33 52 34
20 39 24
47 24 30
24 5 24
5 81 33
81 40 49
47 24 36
24 81 21
81 24 26
47 5 46
5 81 33
24 5 41
47 5 37
47 24 49
5 40 28
81 40 30
22 79 33
22 36 44
22 76 24
22 75 28
22 32 31
79 36 35
79 8 33
79 78 49
79 32 22
36 75 49
36 14 49
36 8 22
76 75 20
76 32 37
76 1 35
76 17 34
75 14 45
75 17 34
14 8 20
21 14 30
14 17 33
8 78 43
8 21 24
78 32 49
78 1 22
78 21 26
32 1 24
1 21 21
1 17 44
21 17 47
22 8 49
32 21 20
22 76 24
32 76 37
36 76 40
36 17 20
75 14 34
22 75 33
79 14 20
61 84 29
84 62 45
62 90 45
90 37 28
37 29 38
61 29 49
61 37 23
62 90 22
84 61 27
84 37 29
61 37 23
84 90 33
37 29 28
84 37 39
3 66 20
3 73 46
55 3 33
66 58 29
3 55 25
73 55 46
66 73 23
73 58 42
3 55 28
3 73 22
66 73 21
10 88 22
45 74 37
45 10 20
38 26 25
88 38 21
26 74 20
74 80 27
26 13 22
74 88 33
10 80 37
88 13 20
80 13 31
45 26 31
45 13 29
26 80 39
38 74 20
38 10 27
38 13 48
74 10 47
74 13 31
26 88 44
26 10 37
10 13 29
88 80 22
26 88 47
38 26 37
38 88 36
74 26 24
26 80 30
38 80 36
49 97 35
70 49 24
49 23 38
97 51 35
97 63 40
70 51 25
70 77 42
51 30 20
23 63 23
23 77 37
63 30 25
77 30 32
49 63 44
51 63 22
51 77 49
49 97 37
97 23 25
70 51 49
63 77 36
51 63 20
77 30 45
63 77 33
53 19 39
53 46 23
53 91 27
19 27 27
46 95 28
46 27 38
46 59 25
27 91 41
91 95 21
91 59 30
95 67 42
59 67 33
53 27 28
53 95 49
53 59 22
19 46 25
19 91 29
19 67 47
46 91 41
46 67 32
27 95 43
27 59 28
91 67 25
95 59 44
19 67 43
95 67 46
53 46 27
19 27 28
95 67 34
19 59 31
53 95 23
19 67 49
91 95 36
19 46 40
82 96 43
82 28 33
82 86 37
96 54 27
96 71 33
54 87 32
54 11 48
87 50 26
87 48 37
50 28 33
50 16 33
28 9 21
11 9 36
9 42 40
93 11 30
93 16 44
93 86 24
16 71 32
71 42 48
42 48 39
48 86 40
82 28 30
54 50 29
82 96 36
87 16 42
82 16 31
48 86 49
93 86 33
82 16 24
96 11 30
31 2 25
31 41 38
31 15 23
2 92 27
2 64 31
41 92 47
2 64 48
31 64 25
15 31 28
15 92 46
2 41 47
2 15 40
85 60 32
94 43 46
25 20 41
20 5 22
1 24 44
8 29 41
90 3 25
3 26 32
45 51 45
23 27 22
59 86 22
93 31 44
4
58 8
36 75 2 89 71 26 54 47
57 3
33 91 82
81 6
2 29 39 45 22 66
53 7
58 35 55 7 77 95 91
