573 3595
1 367 3218
1 242 4378
1 394 3450
367 242 145
367 198 4816
242 210 1616
242 329 2215
210 221 3242
394 198 4591
394 329 1131
198 221 832
394 221 2960
1 210 4512
1 198 379
1 329 1248
367 221 2022
367 394 4296
367 329 869
242 394 3184
242 221 3059
210 329 3883
367 210 3376
221 1 628
198 329 4653
242 198 3591
329 221 1753
198 221 1711
394 198 3142
367 210 3611
242 210 4907
329 221 1753
367 329 1217
242 198 2154
1 221 2619
1 329 1884
210 198 2164
1 367 2245
1 198 3758
210 221 4051
210 394 3052
1 329 1109
367 198 890
1 242 3324
1 210 2848
367 221 1358
367 394 3686
242 210 1597
210 394 1052
367 221 2705
367 198 983
1 367 1241
394 329 4160
210 198 2491
367 329 3231
1 210 1331
394 198 3010
242 210 4893
210 221 4044
1 242 1737
210 198 2064
198 329 1560
394 329 3078
198 329 1389
221 210 3781
198 221 4673
242 329 575
210 221 3627
367 210 3204
367 210 4547
210 198 1486
367 198 1542
367 221 210
1 394 2200
210 394 3477
1 242 3039
1 367 3904
394 329 116
394 221 4628
367 242 4916
329 394 2472
367 242 3910
1 394 4327
367 210 4656
242 329 569
210 221 2790
394 329 1993
394 221 355
1 394 2661
367 198 261
198 221 3365
242 198 504
210 329 2859
1 198 3076
165 472 911
165 291 4722
2 165 1426
472 424 235
472 59 3082
291 424 197
291 296 1006
424 466 4490
2 59 4192
2 296 3986
59 466 4273
296 466 3728
296 466 2508
472 424 3731
165 466 569
291 2 1680
472 2 3624
291 466 3648
472 59 1946
2 472 2695
2 466 2579
296 466 2484
2 466 4664
165 466 389
2 466 644
472 291 4534
472 296 515
165 466 1379
466 2 1318
296 466 284
472 424 2654
2 466 240
59 296 258
291 296 3220
291 466 4644
424 296 1037
296 472 700
291 59 2700
472 296 4301
165 472 1133
291 424 4337
472 2 3667
424 296 2753
472 296 4748
296 466 893
2 59 2831
165 2 800
2 466 1718
291 59 3832
165 59 2047
296 466 835
472 296 4523
165 296 3478
165 2 704
472 291 2205
472 291 3461
165 291 3220
424 59 219
59 296 998
472 291 1936
472 291 3804
291 296 2312
472 59 4712
424 466 2535
466 472 3929
472 466 2777
2 466 1470
165 472 2016
472 59 1436
424 466 1552
424 59 1429
472 466 3988
165 59 965
472 296 2514
165 466 1067
291 296 2640
165 291 3022
291 466 1367
165 424 874
472 2 2035
472 466 4200
2 296 3372
2 59 2092
424 466 2512
291 296 4980
474 532 975
474 431 2882
474 259 2950
532 177 1063
532 289 2683
431 177 3719
431 352 805
177 280 2167
259 289 3300
259 352 1791
289 280 4718
352 280 127
431 280 1642
474 352 2303
474 289 4532
532 177 3935
431 177 605
289 352 451
431 352 2556
532 431 2824
289 474 4340
177 280 4367
474 532 196
532 177 3033
177 289 1469
532 352 723
352 280 2708
431 259 3101
431 280 3766
259 474 2309
289 280 4580
474 352 3786
474 352 4953
474 280 632
431 177 4535
177 474 3485
259 431 4959
289 280 4756
474 177 3212
431 532 2456
352 280 4506
532 431 4672
532 259 4726
431 352 3456
259 280 3914
289 431 1791
280 289 833
474 352 591
177 352 1706
532 352 4032
289 352 4620
474 177 872
177 259 2282
474 177 491
474 259 2241
352 177 3979
474 289 4912
474 431 873
177 259 2181
431 474 1975
532 280 3899
352 280 1501
474 259 1235
532 177 4323
532 431 3255
431 352 4898
431 289 2785
474 289 3211
431 289 222
532 177 4366
431 259 3522
431 352 1103
431 352 841
474 280 3829
431 352 3178
474 431 1009
431 289 1462
474 259 3703
177 352 4542
532 431 4422
474 280 3294
177 352 2585
289 280 3914
177 259 4950
177 280 1390
412 546 403
412 155 2662
344 412 2171
96 546 3423
412 235 3397
155 96 3696
155 129 2503
412 299 3788
344 235 4727
344 129 3057
235 299 3039
129 299 2313
412 96 4322
235 155 244
412 129 4167
546 155 521
344 299 352
546 299 2949
155 344 490
155 299 2328
96 235 1798
96 129 2097
96 344 3075
129 235 2400
546 299 1127
412 155 796
546 155 3700
235 129 1683
546 155 3141
155 344 1138
96 235 434
155 96 703
155 129 3626
235 299 2094
412 155 1917
546 155 4875
299 546 426
412 96 1821
235 299 4749
412 299 128
235 299 1570
546 129 1935
129 155 3973
412 129 2116
546 129 4329
546 235 3247
412 344 3698
344 299 4334
344 235 2563
412 546 3333
155 344 830
155 235 3912
546 155 4005
412 546 3542
412 299 1846
546 129 3455
129 299 1466
412 344 2490
546 129 2812
235 299 1378
155 299 4733
412 344 729
155 299 3536
546 96 2667
412 299 3384
155 96 1316
235 344 1121
344 129 4256
235 129 2854
155 344 2704
155 344 2205
546 235 1921
412 129 3441
412 235 1003
412 235 910
344 96 2219
344 235 3879
412 96 986
96 235 4884
546 344 4251
412 96 1546
546 235 4376
412 129 2688
155 129 4665
155 299 2186
412 96 4048
96 235 441
155 299 3023
412 299 2273
412 129 3940
412 96 212
344 235 719
412 235 4068
306 440 2243
400 306 2232
306 475 4133
53 42 3954
53 290 3318
54 42 985
54 290 2921
42 290 4177
290 355 2523
405 40 1763
40 353 2306
40 490 309
566 405 4092
566 353 2386
566 490 3397
353 405 322
405 490 4230
353 490 2115
360 170 136
170 461 1873
170 447 1536
447 461 262
461 502 2903
447 502 3319
502 517 2862
193 507 4777
193 60 2922
193 270 1395
507 60 2479
507 270 651
507 205 4039
60 270 3410
60 205 399
205 99 3545
45 340 419
45 370 2774
45 557 170
340 370 216
340 557 1279
340 313 391
340 57 2421
370 557 1202
313 370 2146
370 57 4251
313 57 182
190 247 2395
190 341 835
190 441 1315
320 247 3222
320 341 553
320 297 2171
247 341 4380
441 297 167
534 498 2286
534 510 24
534 97 4373
498 510 4718
498 244 2750
498 7 65
498 97 315
510 244 3795
244 7 185
7 97 407
423 172 2736
423 266 3232
266 172 2987
172 550 3489
266 550 4617
266 459 3856
550 459 3887
550 556 3386
459 556 3199
270 97 3816
507 400 3793
306 97 1774
290 370 4824
270 99 622
370 266 2091
447 400 1469
447 340 375
247 498 4988
290 247 3910
405 341 2621
498 244 958
45 297 4255
370 556 2251
57 360 4998
400 341 4570
502 370 223
53 45 1519
42 557 1296
475 400 4438
40 193 3245
42 441 3644
510 498 3248
99 550 3220
353 205 4253
355 170 558
441 475 4482
360 97 3332
423 172 165
290 557 3291
340 556 2925
475 40 889
475 170 68
42 247 2017
193 97 2556
45 557 3979
502 57 2964
355 447 4319
447 97 3534
193 340 1361
40 270 1582
405 490 1573
53 60 2219
490 270 4782
53 270 2381
490 244 4420
370 423 4758
490 57 2259
355 190 1522
557 510 4975
400 459 2624
60 459 3683
517 7 3489
475 556 625
490 423 2454
360 60 4790
507 97 2689
550 502 81
475 247 3161
99 97 4165
502 60 3672
60 556 1586
99 297 2718
172 400 2081
40 247 1926
490 341 2122
370 341 4834
54 341 876
556 57 2632
306 459 346
205 97 2272
517 270 4083
54 490 323
290 370 3674
57 266 2832
263 527 2832
263 339 268
263 395 3759
506 477 2067
506 524 4099
66 477 4788
66 524 437
477 524 2763
524 74 4857
220 58 4666
220 139 461
220 106 4143
316 58 724
316 139 2514
316 106 4824
58 139 4129
58 106 675
139 106 898
509 140 2343
140 560 2167
140 380 1919
560 380 3400
560 300 422
380 300 2453
112 300 1538
78 283 4287
406 78 2882
78 321 348
283 406 4790
283 321 2964
283 454 2013
406 321 4182
406 454 1470
454 369 927
555 310 4917
555 267 4060
555 16 3855
310 267 2997
310 16 535
310 75 3361
310 554 4463
267 16 2857
267 75 2992
267 554 932
75 554 1784
128 429 2396
128 469 970
128 25 289
50 429 482
50 469 58
50 111 3096
429 469 1060
25 111 3471
337 487 52
337 476 4469
337 325 4864
487 476 2955
487 309 1277
487 375 4731
487 325 641
476 309 2978
309 375 2204
375 325 3419
41 334 192
41 403 4406
334 403 3104
334 137 3154
403 137 3277
403 419 115
137 419 4436
137 48 548
419 48 3496
339 106 3934
337 325 3254
527 477 787
111 321 2092
527 375 3804
16 375 4585
469 325 2506
16 50 1860
112 454 3812
339 41 4395
220 111 2933
406 403 2416
283 375 4806
369 137 2592
112 334 1153
283 554 2661
58 454 4666
316 139 665
554 469 1702
527 369 1110
337 334 858
477 321 1553
111 337 1208
477 316 257
316 106 270
263 506 811
78 16 1148
509 48 1212
263 454 1972
139 112 133
406 325 3697
50 375 3929
506 78 602
137 395 2640
487 419 1157
325 25 4683
527 50 181
316 321 2252
25 334 1542
263 406 214
337 41 965
16 111 1888
220 16 3037
509 283 1872
263 25 708
560 375 3851
337 112 4741
300 137 1592
25 309 4267
560 283 1452
58 560 3698
300 524 2400
75 41 4265
75 476 4053
339 560 4033
524 375 4492
321 48 4077
41 74 3983
74 506 3284
554 506 4016
48 41 4734
140 403 290
337 334 2560
554 50 3642
527 128 1831
263 395 2232
220 300 3123
263 334 1301
527 106 3088
66 334 2019
506 78 1513
140 300 4011
139 406 1715
321 325 4598
78 267 2674
454 41 884
128 111 326
78 321 727
85 37 1840
31 37 1605
347 37 3269
253 37 4161
399 37 2273
561 37 2604
37 513 4620
37 49 4374
37 175 4939
37 364 548
37 227 3292
417 37 478
37 55 2585
37 535 2199
37 535 4388
561 364 2669
37 417 3012
561 55 1792
253 513 1916
37 513 1497
347 253 239
561 49 1443
49 175 2529
31 417 4796
49 417 1115
347 535 4858
55 399 2383
31 37 4177
364 535 1658
49 253 4751
227 253 3107
253 399 4167
37 175 519
85 37 4293
253 535 3804
85 253 3496
85 227 3696
31 399 794
561 37 4561
364 417 4429
49 535 2827
347 175 3887
561 417 4604
85 227 2071
175 417 3265
513 55 4201
399 49 1155
561 535 1315
364 227 1239
31 417 981
347 227 223
364 535 978
49 175 153
31 535 880
31 347 1166
364 55 4194
37 364 4576
227 55 3009
175 513 3058
31 253 4267
347 513 3795
31 253 1519
85 364 680
85 535 429
364 55 335
85 535 766
37 513 1605
85 31 3261
85 513 2300
31 49 3345
175 227 1342
49 535 3176
399 535 2533
399 37 3923
513 535 3158
85 55 738
31 399 502
31 347 2640
364 513 1963
347 535 1885
49 364 3265
253 49 4708
417 31 1267
513 417 3500
227 417 4002
549 100 2749
549 515 3209
100 497 3155
100 345 4003
497 90 157
497 21 4092
549 90 4851
90 127 24
515 345 2648
515 68 2453
345 21 1158
345 93 4056
21 127 2480
21 521 4572
515 127 2694
127 449 3562
93 68 2743
68 123 3261
93 521 1337
93 108 1800
521 449 3250
521 392 1173
68 449 2378
449 257 593
123 108 1969
549 123 3363
108 392 657
100 108 4709
392 257 4634
497 392 2922
257 123 1700
90 257 1595
549 108 168
90 127 2233
93 521 4014
90 108 3696
68 521 3729
123 257 366
515 21 4851
68 127 4937
90 392 877
100 257 683
449 123 2631
21 68 1544
68 108 3498
21 257 3417
549 108 931
521 449 1533
100 392 1761
497 449 3302
127 257 1603
100 257 3020
68 449 3760
549 392 3331
257 68 3129
497 127 1188
497 90 1568
100 123 2413
68 93 1069
392 93 3356
21 68 3383
90 257 1658
549 100 3678
497 90 4199
93 449 762
497 521 1195
521 449 1411
345 449 2658
345 93 1405
549 90 4520
521 127 1170
21 449 3500
127 123 1384
345 127 3810
90 68 1762
21 497 825
127 123 3920
497 392 3265
392 521 4458
127 108 4929
497 68 3789
127 392 4458
549 392 2231
90 100 4176
549 521 1929
21 449 62
345 68 3229
123 108 2710
549 123 1368
90 21 871
497 90 3666
345 521 169
549 345 4875
90 127 4008
497 123 2790
93 521 3378
68 521 1974
108 521 603
93 521 3776
345 127 4714
100 108 2300
108 392 697
93 521 232
123 21 3947
497 521 1819
93 108 3515
90 515 318
90 515 1896
21 68 922
87 330 1438
87 470 1754
87 73 2183
330 372 4544
330 493 4807
470 493 4439
470 159 938
372 73 3122
73 493 4161
87 159 3826
493 529 671
159 529 4818
87 372 3022
87 493 1675
330 159 2221
330 470 2715
330 73 3182
330 529 368
470 73 2002
470 529 44
372 493 145
372 159 175
87 529 47
493 159 3414
493 159 2368
330 529 1140
87 330 4777
330 73 2185
330 159 4898
87 529 4610
372 73 3330
470 372 2670
470 159 618
470 159 3769
330 73 4823
493 529 3234
330 529 2101
372 73 4835
493 529 2423
372 529 160
529 159 4313
330 73 2790
87 330 4130
330 493 3801
330 372 2640
73 529 1147
330 493 4560
470 372 2462
73 159 3728
330 73 3516
372 493 1937
330 470 2343
87 330 3964
372 159 3059
87 73 4251
330 372 1158
87 372 4460
470 372 4566
87 73 815
470 73 4531
73 529 623
493 159 1317
330 470 3301
73 529 4167
470 73 1903
470 372 4405
330 493 1345
330 493 4751
493 529 4663
470 73 1676
87 372 4835
330 493 1323
372 73 3654
330 529 1730
372 159 1169
493 159 1729
87 470 3833
470 493 3849
73 529 3698
470 73 2987
470 493 4523
470 330 3246
470 493 4877
470 73 3070
330 493 4632
73 529 2298
87 330 1385
73 493 2607
330 529 1403
372 529 245
87 372 579
330 529 3149
87 529 1894
330 159 370
493 159 3838
373 86 4998
86 17 1486
86 91 1142
86 315 85
373 278 4727
315 523 850
86 89 3009
315 91 627
91 278 2991
91 89 4914
278 523 1475
91 523 2083
17 315 3710
17 278 3515
17 89 3374
373 523 3154
91 373 2627
373 89 460
86 523 4808
86 278 4853
278 315 4047
315 89 1562
17 523 3655
278 89 4565
373 278 1092
17 278 4842
373 17 3797
315 523 995
91 278 2795
17 373 2323
373 523 3756
315 91 1453
91 523 3923
91 89 3956
17 91 4311
315 523 199
91 89 268
373 89 2327
373 91 2735
315 91 549
86 89 216
17 315 2110
373 91 1142
86 91 2256
17 373 4488
315 278 87
17 373 3862
17 373 3451
278 523 326
17 278 360
373 89 60
315 523 4887
373 315 3017
315 523 1124
373 86 2932
315 91 3383
278 89 869
17 373 966
373 86 3559
373 91 2821
373 523 1606
373 278 135
373 315 3232
17 89 2077
315 89 4797
86 523 87
278 523 1782
278 89 3969
86 91 1014
86 315 2444
278 523 3639
17 278 898
373 86 3213
91 278 3392
315 89 1959
17 86 3643
89 523 1013
17 315 926
373 315 4236
91 89 4676
373 89 2313
91 278 802
278 523 3542
373 523 787
17 86 1757
86 278 2306
278 523 2862
86 315 1796
315 89 1941
373 91 1671
17 373 3293
86 91 1270
373 315 4052
17 523 444
373 523 2071
278 89 4233
17 86 1775
315 89 2284
373 91 1699
564 542 1766
542 219 3174
219 13 744
13 163 4150
163 109 4004
109 64 4601
64 27 3796
27 518 2882
518 281 2181
281 4 1066
4 144 2135
144 222 4617
222 508 1326
508 361 3296
361 282 1690
564 282 486
542 361 343
13 508 1334
564 163 1590
109 144 500
64 361 399
361 64 94
109 361 2975
13 282 3065
564 222 1804
109 27 1585
64 282 1073
144 282 2200
64 281 4487
564 518 4794
163 144 4296
109 222 3438
27 518 834
219 13 2599
281 144 2148
542 27 1822
13 163 92
542 281 547
27 144 1766
518 361 2028
13 4 4616
564 361 1313
508 361 3620
219 361 4961
163 144 2815
219 109 1197
27 518 36
163 109 575
564 27 1300
109 27 2078
518 281 78
281 144 4780
219 64 4602
564 144 2023
163 4 833
219 361 3742
542 13 1469
13 163 1119
518 542 461
64 361 3177
27 4 2747
564 361 1124
144 361 902
27 564 2438
64 282 3658
542 281 1366
518 144 310
27 518 4604
64 144 3367
219 109 1260
508 361 2570
564 282 3453
542 163 1949
542 508 1022
27 281 2544
27 518 4471
13 27 4290
109 361 1880
13 144 1099
222 508 1198
109 222 3795
27 13 4210
508 361 603
564 282 3977
13 508 2353
13 508 1974
222 361 4043
518 361 2768
189 374 1892
374 415 296
374 118 3705
415 548 3533
415 15 4167
548 39 99
548 308 4691
39 121 3827
121 285 3802
121 69 2572
285 61 3764
285 143 2180
61 444 611
118 426 2934
118 15 1474
426 81 628
426 258 1384
81 229 1608
81 143 4475
229 26 3065
15 558 2446
558 479 2732
558 362 1334
479 308 2536
479 131 3422
131 124 1433
124 69 483
124 303 3284
143 303 4640
258 362 2621
362 303 1900
121 303 3285
229 26 2957
229 258 266
15 444 1926
415 39 4899
374 61 299
189 69 1490
229 303 4928
61 131 3641
39 69 2939
81 189 536
121 426 580
479 374 1389
81 258 3843
189 303 159
426 303 4132
26 143 2832
189 118 3298
15 131 1434
374 121 2145
121 308 1489
374 143 4702
285 131 4018
415 229 809
15 444 2980
479 308 4627
118 143 4043
189 415 1141
558 444 4232
15 426 1335
374 362 2621
39 118 2795
548 362 4448
81 362 2356
558 303 142
479 444 1041
426 131 3818
39 69 3394
143 444 373
229 131 4321
374 229 1756
61 15 673
374 121 2979
374 548 56
285 124 3672
39 81 1582
131 444 662
189 558 570
15 479 4275
26 131 4798
39 121 4300
479 258 2920
558 143 3474
81 124 4779
229 479 4322
548 258 1004
285 26 4960
479 124 702
229 362 2276
131 415 151
15 362 4002
479 69 2977
26 479 4896
285 61 3580
118 444 3346
285 258 501
189 308 1129
118 81 4589
426 229 3540
189 229 2254
121 479 401
548 479 2764
548 61 651
258 362 3281
26 362 4166
563 410 2680
563 302 3951
410 167 1657
410 302 1098
410 514 4930
410 133 527
302 514 915
133 135 2657
167 514 3131
167 102 3696
514 135 4795
102 135 4359
563 133 4419
563 514 1006
563 102 4811
514 102 3025
133 167 2165
410 135 61
302 167 2735
302 135 2864
133 514 4388
133 102 3833
563 135 4988
302 102 4611
133 167 1511
302 102 2329
410 135 1229
563 135 3846
133 514 3591
563 102 2172
410 514 3829
302 514 4718
410 135 998
410 133 552
167 133 2811
302 133 2136
563 167 1768
302 133 1326
410 167 4352
563 302 631
102 302 3068
410 135 4062
102 135 3453
410 167 3749
133 135 1584
133 135 2359
410 102 4924
563 514 231
302 133 3748
410 135 3460
302 135 1072
167 514 2582
302 102 1546
410 167 3400
102 135 3649
563 102 3653
410 167 796
302 133 4819
410 167 2535
302 102 3186
133 102 1403
514 135 1425
302 102 1446
410 167 4141
563 514 4293
302 133 578
133 167 110
302 135 2010
133 514 873
563 133 1358
133 167 1334
167 102 3132
563 135 2707
102 135 3252
302 167 365
563 102 1255
563 167 807
563 135 1899
133 135 3121
514 135 1252
563 302 2466
133 410 1604
302 135 3774
302 102 3017
102 135 916
563 102 1062
302 167 1280
563 302 3166
302 167 970
167 135 3034
302 167 1681
410 102 1887
563 410 774
302 167 3526
410 167 3631
286 246 134
246 277 3480
277 196 2478
196 401 4136
401 166 3794
166 217 3676
217 366 3019
366 232 2854
232 62 2747
62 204 1428
204 438 3944
438 445 1963
445 311 1313
311 562 3422
562 184 437
184 416 1509
196 445 1975
166 62 1093
286 438 4136
438 184 685
286 438 4085
196 217 4678
246 401 3121
217 311 202
277 311 181
204 445 3543
204 438 3523
184 401 694
438 204 2048
277 562 1568
166 217 4974
277 204 1840
401 217 4939
196 286 2138
196 438 1966
286 277 2005
246 366 989
366 416 68
401 311 3040
445 416 3784
246 366 685
196 62 1151
401 232 4725
277 196 2850
401 184 4746
232 445 3062
286 246 4368
217 562 513
62 562 2795
166 416 315
196 366 4259
246 366 2705
416 562 2808
286 401 3164
246 311 1828
196 204 2874
196 438 4255
196 166 527
366 416 4655
166 562 4578
277 166 1599
232 204 1053
562 184 2523
196 232 4100
401 562 1089
246 277 3884
286 196 3608
277 204 4402
438 562 3166
217 562 1089
232 184 4494
232 62 4381
196 311 4861
277 196 1573
286 438 2089
311 184 849
217 562 704
445 562 1548
445 311 340
217 62 2349
246 416 1956
401 204 582
401 416 1646
401 562 3873
196 184 4442
204 311 1700
246 438 2730
311 562 4597
286 562 2881
366 232 951
286 166 1146
166 445 550
196 204 574
232 184 3861
217 562 4619
569 218 1128
569 332 1268
569 156 4032
218 436 3567
218 520 4600
332 436 1692
332 265 3858
436 531 4273
520 156 3906
156 265 382
520 531 4016
265 531 3530
218 332 2163
436 156 3537
569 218 3803
569 436 1060
218 520 1644
569 531 3514
332 569 4027
218 265 494
265 531 2002
218 436 1839
436 265 3481
520 436 72
569 520 2090
436 265 1070
332 265 3835
332 156 2565
520 265 597
436 156 3916
436 531 1171
218 156 1224
332 436 4176
569 332 3452
569 265 3711
569 531 3743
436 520 4917
436 265 2310
265 569 3587
156 520 4610
265 531 4689
218 156 3676
156 520 2173
218 156 4503
569 436 4236
569 156 975
569 520 307
332 520 115
569 156 3810
218 156 2668
520 265 1318
332 520 3972
156 265 3886
332 265 3458
436 156 557
569 531 1976
531 156 661
569 436 3750
436 531 3786
569 218 2476
569 265 517
520 265 2253
436 531 2524
436 531 2181
569 436 2809
569 332 768
332 520 3152
332 531 1099
569 520 2915
569 436 3337
156 520 1449
569 332 610
156 520 4769
569 520 1816
265 531 1438
436 520 3489
218 332 4617
569 156 3477
436 569 4984
569 265 387
332 520 2399
332 531 2656
332 531 4680
387 101 3326
101 76 204
76 435 2959
435 382 800
382 80 636
80 489 4802
489 18 1037
18 95 3618
95 223 3912
223 14 4074
14 43 4200
43 255 4939
255 573 3763
573 318 4527
318 336 1714
387 336 2067
382 43 3715
14 255 528
101 95 797
76 80 4048
573 336 3770
95 14 759
95 43 3915
382 43 1227
489 43 4504
387 489 2129
435 95 1271
80 336 203
336 573 1319
435 382 3345
95 255 851
18 336 4945
382 18 1488
18 95 1977
18 255 606
382 18 591
255 336 4856
76 382 4144
80 18 2599
435 18 3511
18 43 4476
382 223 4631
14 318 4600
435 95 2673
18 573 3370
14 255 3912
43 336 255
101 435 2591
76 223 87
14 318 2813
101 336 2487
387 80 30
18 43 3539
435 382 4939
43 573 282
489 95 2066
435 336 1002
255 573 486
387 573 3424
14 80 3414
101 18 1070
382 489 2907
80 255 28
223 318 4921
382 336 3872
387 573 2661
76 435 4943
387 318 614
80 14 670
101 18 1532
387 18 915
435 336 670
489 255 276
101 435 1324
489 255 4256
435 318 4299
76 95 3956
382 223 3524
76 95 1529
435 18 973
387 489 3092
18 223 3652
76 18 3198
95 255 3429
223 255 1712
435 573 1692
101 435 3520
387 18 1417
101 336 391
95 223 1301
387 318 2439
18 43 1865
435 382 4698
18 223 2273
239 386 748
152 239 3521
216 239 684
239 199 700
262 28 265
262 408 1554
262 428 4051
262 294 1477
145 439 4393
145 152 192
145 20 2508
199 145 1323
201 386 3965
201 28 168
201 216 470
201 428 1804
149 439 1403
149 408 3843
149 20 1323
149 294 4754
386 191 564
386 378 2350
439 191 291
439 452 4080
28 452 3594
28 543 4428
152 543 2638
152 284 4855
408 284 2743
408 378 2179
191 216 1268
216 378 1304
20 191 3113
20 452 1630
428 452 3494
428 543 4809
199 543 3429
199 284 567
294 284 2878
294 378 3364
216 199 2723
262 284 4468
408 191 4279
145 439 789
149 199 3170
20 378 2128
428 452 756
20 294 3981
149 191 2384
386 428 2109
149 191 2732
408 216 1830
149 408 2901
428 284 4841
28 145 3916
239 201 2233
428 199 4821
294 191 3893
216 378 4848
20 191 3034
191 543 4522
439 378 4348
201 199 488
152 428 1039
28 199 2764
543 284 2555
378 543 3871
408 284 1637
543 284 1742
201 199 2533
452 284 3507
386 439 4190
216 284 2203
386 216 4340
543 201 4657
386 452 1981
216 191 4430
284 378 1370
408 428 1570
262 152 1594
239 284 4342
216 20 1723
439 452 427
149 294 1899
216 145 575
386 20 4700
28 408 4914
149 452 1235
149 294 3885
428 378 1080
428 452 4842
216 191 1566
201 294 1282
20 452 3014
28 408 4129
543 378 990
199 201 651
201 152 3598
199 191 4858
199 294 120
201 428 3733
201 428 1407
452 378 623
439 408 2676
294 378 110
262 199 1875
262 452 3689
452 543 3049
428 378 3249
239 439 4695
386 20 4476
216 452 2763
239 199 291
149 199 3078
357 293 3750
357 359 2474
168 359 4891
168 6 4954
293 6 1484
92 393 760
92 226 210
269 226 350
269 126 2949
393 126 3830
418 195 3267
418 56 489
84 56 1122
84 389 4763
195 389 1505
488 494 1522
488 115 2931
82 115 1562
82 480 4750
494 480 4074
126 480 2970
6 389 1632
136 250 4341
250 52 2039
433 52 4166
433 458 2313
458 414 3218
414 457 2088
457 173 4839
173 486 714
486 348 1604
348 107 3492
107 351 3105
351 481 3095
481 19 3463
136 19 2913
92 136 1983
269 250 4574
393 52 3400
226 433 527
357 433 1307
168 458 1911
293 414 4426
359 457 3826
418 173 2743
84 486 610
195 348 582
56 107 4599
488 107 2960
82 351 367
494 481 4843
115 19 4749
195 115 4698
195 414 1975
269 457 4760
418 19 4488
414 107 4126
195 389 2485
494 52 4202
52 19 4730
393 480 2744
457 107 117
52 351 3246
56 115 3886
293 418 4303
433 250 4522
458 173 4405
269 488 1729
168 56 2438
480 486 4113
168 481 4990
6 433 178
351 52 1912
136 481 4580
92 126 866
136 348 1884
458 389 406
115 19 3809
389 115 522
136 351 3663
351 433 772
418 488 4707
357 481 1300
195 348 4261
126 351 2032
92 226 2828
481 126 820
6 486 3050
168 173 629
293 480 2652
52 481 2697
414 173 1979
389 458 3410
195 486 3628
92 494 2308
173 19 2561
389 359 2388
56 457 3218
84 52 617
250 348 4298
6 136 1611
359 107 1564
92 414 2025
357 457 2036
293 481 1069
92 82 1023
359 6 1117
494 481 3743
115 52 2594
92 433 2263
293 56 1575
56 82 4855
293 136 916
418 348 1456
92 52 4377
226 19 2967
458 457 4773
56 351 3380
433 115 2949
226 126 1346
84 19 3909
92 56 4658
293 56 4155
414 136 289
480 52 2684
269 168 1632
357 82 1180
226 195 2027
389 488 1472
458 359 2414
248 323 3041
323 363 3730
138 363 1804
346 138 3438
346 471 3263
471 504 664
504 317 957
317 376 2934
376 404 635
404 231 1841
231 358 2647
358 350 4451
350 103 3764
103 72 4707
248 72 1853
346 504 4891
138 231 4394
504 404 1534
323 231 1488
471 317 932
138 504 1648
248 471 3815
248 376 3791
248 358 4589
504 72 1864
323 404 1550
376 231 3708
138 350 2142
358 350 1304
363 103 3445
346 248 883
138 317 1857
323 231 802
358 350 3368
346 376 3323
323 376 3913
358 103 4680
317 358 2536
404 103 1389
363 138 1722
346 317 467
138 358 4636
323 404 1166
504 317 2384
248 138 3607
404 72 2501
248 350 2990
504 376 1660
248 231 4621
376 350 2954
248 350 3132
363 138 4807
404 358 1507
248 350 3196
72 404 3292
248 72 3021
504 350 3150
72 404 1739
248 103 4415
504 376 592
248 317 3756
471 504 1337
471 317 1255
323 346 2430
323 471 1829
363 317 3800
471 350 1075
376 350 4665
376 363 4774
138 103 4262
346 72 4671
317 376 3717
346 350 1852
363 376 963
248 471 3383
346 231 3114
317 72 1520
504 231 2710
346 350 1252
138 404 3611
471 350 4329
504 358 1846
363 471 4842
504 323 3703
323 103 1285
404 350 4594
363 404 4073
323 363 690
248 350 680
243 422 1017
243 421 80
256 421 27
256 125 2386
422 125 1247
224 482 4751
224 312 523
67 312 1093
67 425 241
482 425 773
71 525 4375
365 525 3803
451 365 4886
328 451 4193
71 328 714
275 272 4102
275 552 2740
500 552 4647
500 516 4567
272 516 2378
425 516 4476
328 125 2565
30 150 53
150 385 1173
268 385 1486
268 331 1112
331 24 2788
24 209 1743
209 377 4683
377 130 2076
130 379 2701
379 215 934
215 174 4165
174 142 3170
142 117 4507
30 117 4528
224 30 1501
67 150 2808
482 385 2644
312 268 3701
243 268 4712
256 331 3797
422 24 1620
421 209 3999
377 525 3369
451 130 526
71 379 1078
365 215 3404
275 215 3913
500 174 888
272 142 946
552 117 1249
552 385 1334
268 385 874
312 272 1842
500 142 1913
425 500 3193
215 142 967
377 142 3143
525 142 4921
425 71 4846
275 331 1406
451 30 711
209 215 3059
67 328 3277
312 142 1870
268 331 100
71 331 475
67 215 980
552 331 4197
500 516 4709
516 24 4337
67 125 3713
224 516 1539
377 379 4074
125 174 4104
552 377 732
243 421 1756
150 174 2213
422 268 2941
209 150 4480
224 312 3519
71 377 1734
365 272 4799
224 67 4128
224 24 496
150 142 2018
422 552 3651
30 174 3941
331 142 3323
243 516 475
71 379 3848
482 377 4830
268 385 4504
71 174 4225
125 71 1358
268 130 1080
425 365 197
328 377 764
243 130 488
224 142 904
500 215 641
256 215 2690
482 256 2458
130 117 218
385 117 1559
422 379 2033
421 125 686
525 117 4817
24 379 819
500 215 1459
243 30 4659
525 552 3927
421 482 2225
256 272 3657
500 385 3387
377 130 2481
24 243 4356
24 174 4036
385 117 627
224 150 3333
421 425 1820
125 67 1398
312 174 2210
24 142 4568
482 142 4081
425 500 2078
213 338 458
213 236 2421
213 182 2588
338 110 4180
338 295 2531
338 570 3807
236 225 657
206 236 2527
236 79 3990
182 264 2255
182 397 1206
182 162 3277
110 551 3673
110 567 249
110 164 785
570 206 3407
338 79 3293
182 264 2711
213 567 3798
338 110 681
338 236 2377
338 110 2041
182 236 4224
213 206 1191
264 551 2320
236 206 937
551 567 904
295 79 747
295 79 883
338 236 4223
295 206 197
570 79 1696
236 551 4194
213 338 3176
551 295 122
338 164 1234
295 570 239
213 206 4319
206 79 4716
182 206 1502
295 264 849
182 397 1299
295 206 3525
338 206 3202
264 397 1828
236 164 2949
182 162 3880
295 570 2387
225 79 2856
295 570 2979
570 162 1314
182 295 1194
295 162 1292
295 397 4800
110 551 1004
236 206 3781
182 567 3701
295 225 478
206 567 3999
182 206 3527
79 397 4909
236 162 4724
225 206 4925
213 236 708
225 164 4568
570 162 1495
397 567 3616
264 164 4307
213 264 95
551 164 1653
225 567 2322
164 551 1736
295 264 2406
182 110 2074
182 162 4678
570 162 1057
225 206 2813
206 567 2221
338 264 4786
213 567 4343
236 110 420
213 162 236
397 164 2332
264 164 2749
79 570 2474
110 162 399
213 162 1728
338 264 4624
338 295 3134
110 551 4344
236 182 1123
213 79 1245
206 162 3076
206 551 3566
570 182 200
327 70 4128
327 208 4483
327 434 3441
70 208 2711
70 434 3048
208 434 4396
208 545 3786
434 545 4367
545 38 4062
537 38 3932
38 465 2227
537 491 2633
537 343 883
465 151 742
465 154 483
151 154 3094
151 98 3415
151 251 867
154 98 3217
251 154 1870
98 251 655
491 343 1605
491 260 4282
491 462 4743
343 260 386
343 462 595
260 462 642
38 98 4869
98 462 829
151 251 1690
327 537 3426
208 151 2795
70 208 1186
434 465 609
327 465 4112
434 154 2561
208 465 637
327 462 3013
98 491 2030
70 434 2088
151 98 276
491 545 746
537 343 2784
154 491 3140
38 327 3120
545 465 1798
38 491 3419
537 154 300
343 260 148
343 260 2813
545 537 261
208 491 2832
70 154 1432
434 491 2690
260 462 2427
545 151 1595
327 465 4333
545 491 2406
38 465 4830
327 465 2623
545 98 2270
260 462 3320
327 151 3974
537 260 2187
434 38 3314
154 343 275
98 462 2266
434 38 1345
327 70 845
537 260 2876
327 251 705
537 465 4760
208 251 3686
208 251 4048
251 151 2693
208 98 310
151 462 2984
208 462 2545
327 151 1055
38 260 4885
38 462 3536
98 545 4816
151 98 160
537 462 236
537 154 177
98 462 4974
38 260 4456
208 154 2793
151 98 1900
208 38 3570
545 491 425
98 260 3361
545 251 1315
208 537 4173
327 208 4442
343 462 3611
327 545 1131
70 98 2604
98 462 1500
327 154 2992
98 260 2825
491 260 1344
537 151 2700
537 343 2336
208 151 2871
254 288 2999
254 158 1679
254 314 511
288 212 4159
427 288 2236
158 212 654
158 271 3492
212 485 1186
314 427 4928
314 271 829
427 485 3148
271 485 2799
271 485 2827
271 485 521
288 314 1993
288 271 2962
212 158 494
427 288 3244
254 314 4507
314 485 2561
212 485 1005
212 427 4482
212 271 1873
271 254 4397
288 271 246
288 485 3546
254 271 2684
212 314 4758
288 271 1826
271 158 4479
158 212 565
158 212 703
212 271 3974
288 314 848
254 314 3243
314 427 2136
212 485 428
254 271 2549
158 427 4178
254 288 2907
271 212 997
271 288 4691
254 427 2779
254 314 4909
158 271 4710
254 212 2228
288 254 3742
158 212 2050
158 271 683
314 485 42
288 212 111
212 427 1978
212 271 689
288 271 1625
288 485 297
254 212 4253
288 427 965
212 427 3760
288 212 326
314 271 4066
254 288 4970
254 212 4115
314 271 3030
288 158 274
427 485 2867
254 212 1443
271 288 4347
158 485 2302
288 158 1752
158 212 1797
271 485 351
254 314 216
212 314 1906
158 427 3845
254 271 1470
254 158 1073
254 288 3031
158 212 3977
288 314 178
314 427 3579
212 427 3352
271 485 4808
212 485 2248
276 33 1560
33 113 4841
113 519 2922
519 230 1299
230 411 3381
411 307 3987
249 307 2311
249 420 3962
420 446 722
446 240 465
240 202 4947
202 188 2755
188 450 2474
450 460 4284
276 460 2630
276 420 1305
519 202 2425
249 240 2508
446 202 3231
276 188 378
307 450 3886
276 420 2662
113 420 1715
33 460 3385
446 460 2442
446 202 4009
450 202 3279
113 519 4739
307 249 1695
446 202 4927
230 411 4380
113 446 408
33 420 4271
230 202 977
113 420 3597
276 188 1026
307 188 2593
276 307 4416
420 460 1049
276 450 550
249 460 3544
230 411 2773
307 240 147
276 33 4468
202 460 381
113 202 3040
420 202 2540
33 411 3459
230 420 3237
307 188 1225
113 446 2663
450 276 73
307 450 1656
188 460 3370
188 450 4183
307 450 1157
113 202 4196
307 202 3375
276 230 268
249 420 4970
276 519 1083
411 420 2282
420 446 3350
307 446 4239
420 519 2069
307 249 2246
519 307 3432
446 188 3794
519 240 3681
307 420 2754
420 446 4888
113 188 2504
519 249 1646
33 307 340
420 446 634
276 188 1347
33 188 232
446 450 4126
450 460 3175
249 450 2062
113 249 742
446 450 3782
249 420 433
411 202 1155
446 188 1652
276 202 1959
249 446 4693
307 240 4449
307 420 2234
240 450 2058
202 188 3903
113 240 1458
307 420 839
104 512 4589
104 141 862
104 407 3064
512 122 4765
512 349 2651
141 122 3246
141 503 4272
122 119 4588
407 349 262
407 503 2586
349 119 4445
503 119 1392
512 349 4561
141 119 1800
512 119 1322
122 119 428
349 503 3527
349 119 1388
512 407 4746
141 119 2261
349 512 3243
104 407 29
407 141 2297
512 141 2571
141 407 2723
407 503 4143
407 349 3782
122 407 3651
119 122 4635
141 349 118
104 141 4963
141 349 693
512 119 1776
407 503 3905
512 349 126
141 122 4657
512 407 1653
407 349 1621
104 119 1195
122 407 3382
104 349 85
407 119 2978
122 407 1884
349 119 1034
104 503 3973
141 407 4369
512 122 3551
122 349 4339
512 407 4016
141 122 675
407 119 1323
407 119 1316
512 503 1910
407 349 731
512 349 4001
104 503 828
122 349 462
407 349 1758
141 119 2328
104 122 758
141 122 817
104 122 2149
104 122 2081
503 119 1589
503 119 1645
104 122 2132
104 407 4468
141 122 4728
104 119 3257
512 503 3287
104 122 3376
141 349 168
122 349 4794
512 349 3057
104 119 1591
104 119 3403
407 349 834
104 141 3649
407 503 3933
104 503 3973
104 512 1306
234 179 4262
146 234 1445
234 178 976
179 501 3274
179 203 2696
146 501 2183
146 464 4293
501 180 1663
178 203 4079
178 464 4969
203 180 4446
464 180 1859
178 180 610
234 178 2158
501 464 2106
146 501 4492
234 501 1131
179 178 2270
179 178 4443
179 464 176
234 179 1019
234 178 1896
179 180 4297
234 146 4554
464 203 3685
146 203 1615
234 179 2238
234 501 3139
179 178 1158
464 203 4304
501 464 655
146 180 1524
234 146 1646
178 180 2678
501 464 3143
234 178 141
464 180 2086
146 203 3278
501 178 2468
146 178 515
501 178 4267
178 464 3108
203 464 2476
179 178 3157
234 146 3438
501 178 702
178 180 3170
501 464 4663
146 501 2893
146 501 4709
179 464 4000
234 179 4002
178 464 691
179 178 3205
179 178 2024
234 179 48
234 464 2723
234 501 3532
234 464 1297
178 234 2638
146 501 1063
501 464 2632
179 501 527
501 180 4765
178 203 3461
234 180 192
234 464 3149
179 146 460
501 179 298
179 146 2716
179 146 4259
179 203 4329
179 146 2793
501 464 1006
146 464 1463
179 203 2629
178 464 1946
501 203 563
179 146 1381
234 203 4678
234 180 1714
234 180 2284
238 22 2869
238 384 2508
238 65 215
238 10 2362
499 22 2948
499 384 280
499 484 1465
499 114 3636
22 528 4872
384 120 4238
65 496 351
65 120 3095
10 496 2021
10 528 1535
484 496 1468
484 120 2403
114 496 368
114 528 4376
65 114 2027
22 496 3841
10 484 2254
22 484 4521
499 10 2281
496 384 451
22 384 1336
65 484 2795
384 484 4450
22 484 3360
120 238 2488
22 114 4010
65 528 2518
499 65 185
120 496 1304
496 120 2254
499 484 2036
65 120 2111
484 114 2110
65 114 1813
499 528 1702
22 120 3436
238 22 1913
484 496 4666
499 384 4013
22 496 1658
65 22 1745
22 384 437
384 528 3974
65 484 4022
238 22 900
22 496 2414
384 65 1197
499 65 4098
65 528 3049
22 114 2658
22 65 67
484 528 2750
484 528 4217
499 496 2147
384 65 2354
10 120 1644
499 384 3277
22 496 255
65 10 3400
499 496 4422
10 484 4358
65 10 2196
384 484 3253
484 528 754
120 499 1029
484 120 1034
65 484 3310
384 10 4928
499 484 3093
22 114 4582
238 384 4684
384 484 1439
120 528 199
484 528 2125
238 114 4756
22 120 4771
10 496 2207
238 22 1582
65 114 2085
238 65 1742
22 496 4533
65 10 1082
238 496 3434
65 496 2283
65 114 1909
467 134 799
467 324 4983
467 88 3379
134 186 2717
134 437 674
134 453 2787
324 11 3500
324 322 4305
324 383 434
88 9 1222
88 169 3309
88 292 1825
186 185 511
186 492 2294
186 390 2523
437 200 3463
186 453 4601
292 492 4345
292 185 540
437 383 2308
134 390 1448
186 492 3532
9 383 69
11 390 3834
292 492 3051
324 11 4531
467 134 2704
467 324 2644
134 322 2352
186 453 4793
324 322 1033
453 9 90
185 492 546
9 492 526
324 169 3390
11 185 1085
453 11 4801
467 11 3591
467 390 1278
437 292 4157
186 292 4375
88 437 4494
186 437 802
134 390 2187
169 492 3968
88 292 4902
467 88 4061
186 383 4440
492 324 1319
134 200 2566
453 383 4673
467 322 3353
185 200 161
9 390 3169
134 324 4350
322 492 1486
186 9 4840
134 186 2717
324 390 31
467 324 688
467 185 708
169 292 2805
186 292 2474
134 200 3181
492 390 4105
169 492 2308
324 292 3203
322 492 2097
88 134 2585
88 383 521
453 186 4486
467 324 4485
467 11 4859
453 383 3792
467 324 930
467 492 2694
467 390 1963
324 292 2124
324 185 1569
134 169 123
467 437 1789
88 200 3277
186 390 4964
200 169 2161
186 200 2533
88 169 3310
134 186 1561
383 169 189
88 169 754
453 292 135
88 437 354
453 292 2107
322 185 2133
211 572 558
211 176 3341
211 214 3181
211 442 4965
171 522 2015
171 544 3724
171 194 4392
171 354 3731
233 192 189
233 176 4321
233 388 3605
233 442 3144
252 572 3632
252 522 3442
252 214 4599
252 194 1863
5 192 3082
5 544 800
5 388 2227
5 354 4613
572 526 2607
572 455 311
192 526 1507
192 478 3525
522 478 1226
522 63 860
176 63 1746
176 304 3533
544 304 4375
455 544 3010
214 526 4443
214 455 4112
388 526 3882
388 478 700
194 478 1414
194 63 2244
442 63 2474
442 304 4825
354 304 3469
354 455 2551
233 304 3109
171 442 1420
171 5 2375
572 214 4038
5 478 3820
442 526 4549
252 192 746
544 388 4612
214 63 2398
5 354 2630
192 478 1361
171 176 4705
572 442 1234
214 304 2778
171 233 4793
171 252 1292
572 192 632
572 388 1582
171 522 4537
522 211 3562
442 478 4561
252 192 465
572 442 3684
388 478 1828
5 63 1126
233 63 3698
214 63 3137
522 526 1283
214 442 1778
442 63 968
354 304 3194
211 176 3298
442 526 1844
233 252 638
388 526 481
192 478 1650
171 442 1135
388 304 2242
5 176 997
233 478 1638
252 63 2333
252 354 1482
388 442 2564
63 455 1734
522 388 631
522 214 4718
171 176 1834
5 478 1456
252 572 2877
252 572 1951
354 304 98
252 544 293
171 63 4501
5 304 2925
171 526 3478
214 304 1425
171 354 1791
526 304 3174
171 63 4458
354 63 2503
252 304 4483
354 455 2719
252 63 238
5 192 3800
233 526 74
544 194 277
214 526 1245
572 544 3258
211 526 4959
304 214 3137
214 63 2638
572 455 1161
211 526 4343
194 526 2590
207 3 1135
34 3 802
495 3 1138
183 3 2672
3 432 1502
3 473 3275
3 540 4115
3 241 3601
3 148 996
3 273 1088
3 368 4935
3 228 3216
3 301 2592
3 541 828
207 183 2516
368 301 736
495 368 2315
368 228 3074
34 301 1933
241 541 1702
495 183 4110
432 368 1883
34 432 2334
3 183 499
3 473 2325
183 301 3089
34 368 4596
273 368 1746
3 301 4487
273 541 1036
473 148 4776
495 368 4460
3 368 184
207 34 4349
432 301 2105
432 541 2424
368 541 4832
34 183 3265
540 541 4752
207 228 2389
183 473 4135
273 541 1250
228 540 609
495 3 4745
3 368 4355
183 432 924
495 473 2514
241 541 67
34 495 1743
540 541 3599
3 473 2359
207 540 3867
34 473 2223
540 241 1270
183 273 2789
432 473 965
34 473 2943
183 273 2569
273 541 3995
207 432 540
495 368 3075
34 432 1326
540 301 653
368 228 2092
273 228 4593
3 148 1204
183 368 3607
183 273 4879
473 368 4097
183 228 4698
3 432 1702
540 148 3791
540 368 1682
540 301 89
34 148 586
3 495 2852
473 273 878
3 148 3056
183 301 1287
241 495 800
183 368 2732
432 473 3568
34 301 3949
495 432 4062
3 148 1509
541 432 4912
34 540 3247
34 473 4728
473 148 3888
319 571 4411
319 530 4231
571 568 1941
51 571 265
83 568 445
568 413 2037
319 83 1236
83 187 123
530 51 4914
530 539 2075
51 413 4010
51 237 1581
413 187 3668
413 463 3382
530 187 1650
187 448 2038
539 237 3638
539 181 236
237 463 203
237 105 2468
463 448 837
463 443 678
539 448 4991
448 396 681
181 105 1745
319 181 2726
105 443 1301
571 105 434
443 396 4095
568 443 2191
181 396 2979
83 396 3698
105 237 2391
396 319 4088
568 51 1307
530 463 3938
463 443 4866
187 539 1089
83 443 378
530 539 1695
463 396 3311
571 51 1683
187 237 620
530 187 3386
530 443 2806
319 571 4265
237 83 4767
568 443 1227
530 237 3790
83 530 3556
568 539 696
181 105 4114
51 413 4003
83 51 4243
539 181 778
187 237 310
413 463 4163
181 396 593
319 571 2895
413 396 1391
568 187 4517
51 396 310
530 539 2443
571 448 3354
448 237 3725
568 443 3223
571 443 1317
319 105 3787
83 443 4432
463 448 3506
568 181 881
237 448 4259
568 463 4594
237 396 1720
181 396 725
571 443 102
187 539 4483
83 463 1439
51 237 3802
187 181 72
187 463 528
237 443 1928
413 571 2524
319 443 969
237 463 657
448 181 4059
51 413 3252
187 51 2299
571 51 1995
319 105 2247
530 443 934
448 443 4835
539 413 1546
319 443 4235
463 443 2959
51 187 2855
319 51 1406
530 413 2204
568 187 4302
571 413 2779
571 448 4522
319 105 2214
83 539 3980
187 237 4445
539 187 3492
413 181 2500
51 413 2846
187 181 3647
77 298 3589
77 547 4700
77 391 1014
483 47 1928
483 391 1162
547 47 3223
547 335 1111
47 333 4227
298 391 1664
298 335 319
391 333 2846
335 333 444
77 47 3349
77 333 4568
77 335 2172
335 483 2479
77 483 4922
483 333 1135
547 298 3558
547 483 2160
47 391 2912
47 335 920
298 333 3277
547 391 1548
77 298 413
483 391 4390
298 391 436
47 298 1490
547 333 1583
47 298 3784
547 298 3098
298 47 3322
47 391 2266
547 47 4692
77 483 1324
391 335 1280
335 483 4128
483 333 152
547 391 1152
547 298 1171
77 333 2353
391 333 1696
547 47 4199
547 333 379
298 391 3049
483 47 3343
47 335 4231
47 333 2991
47 298 3014
77 333 1146
547 335 1447
547 47 2379
391 333 1499
483 335 1805
483 391 3017
547 333 1088
298 391 429
483 335 1963
391 298 2843
333 298 4215
335 298 3378
298 333 3931
547 333 1135
547 335 1018
47 77 3429
77 391 2292
298 391 1463
547 391 4256
335 333 4075
483 333 2485
298 391 929
47 335 4354
77 47 3229
547 391 4770
77 547 3620
483 391 1944
483 47 388
483 47 3431
391 335 1621
483 47 2545
77 333 418
547 333 3731
483 333 4469
47 333 1715
391 335 2872
547 298 2549
47 333 4645
77 547 3943
483 298 3201
483 333 859
298 391 1543
77 333 4556
335 333 2483
77 298 3396
547 298 1262
77 298 1047
157 456 2671
157 430 434
157 46 3501
456 36 2596
456 160 154
430 36 2066
430 559 3941
36 245 1498
46 160 3547
46 559 4700
160 245 3946
559 245 1982
157 456 4157
456 36 2426
36 245 144
36 559 903
160 559 3968
157 559 1847
430 245 2271
36 245 755
36 559 3393
36 160 1028
36 245 723
46 245 232
430 36 3669
160 245 1253
157 559 1102
157 36 956
36 245 2418
456 430 4482
157 245 2573
430 36 2249
245 157 3595
160 559 923
456 36 2343
430 46 183
157 160 1373
36 46 3806
46 245 2522
456 245 171
36 46 864
46 559 3786
46 559 1531
157 559 4097
559 245 3842
456 160 315
36 46 876
559 245 4848
46 245 464
36 245 4141
559 245 4323
157 559 4260
157 456 4320
36 46 1596
160 245 3998
157 430 3014
160 559 3131
46 559 1788
160 245 367
157 430 2416
160 430 1376
157 46 2516
36 46 2168
36 245 3596
245 430 49
157 36 4225
46 245 3954
456 430 3872
157 245 3464
157 456 116
456 245 4108
559 245 2304
36 160 3735
46 160 726
160 559 3781
36 160 2116
430 46 2747
160 559 4282
430 36 3889
430 160 1352
559 245 615
381 287 2114
381 533 2887
381 553 4735
287 35 3347
287 153 726
35 279 1786
35 409 450
279 342 2839
279 468 3428
342 533 3104
342 116 3670
533 326 156
326 409 4570
326 305 830
409 565 1788
116 565 2236
565 553 4799
116 153 4849
305 153 3367
305 468 3210
468 553 4475
381 565 927
381 35 2410
381 305 2975
381 533 2279
279 116 3274
342 116 754
533 116 813
287 326 1281
381 409 71
565 553 1872
565 305 1932
35 533 4303
468 565 50
381 305 3802
35 326 587
381 116 2061
116 468 2028
553 153 2153
533 553 4114
326 468 2974
342 153 4185
381 35 2712
279 553 944
565 153 3513
381 287 3934
565 553 196
381 565 881
409 279 1473
35 409 4062
381 533 2976
381 35 2377
409 116 3036
553 287 1401
326 565 4368
305 468 3426
35 116 4797
342 553 4874
565 116 2590
381 287 326
342 553 3707
287 153 3382
381 153 3931
381 279 294
533 153 3979
381 326 2572
381 553 898
533 326 3884
409 565 4315
287 342 1016
381 553 4606
381 468 1782
116 305 3947
287 342 756
565 35 2455
468 533 4533
326 381 4126
533 153 1957
35 153 1003
116 553 3442
35 116 1568
35 342 3829
326 565 2856
342 326 3273
35 342 4891
326 305 1610
305 553 2536
279 468 2744
287 153 29
381 553 4913
533 153 1454
35 533 539
409 468 3118
538 511 551
538 398 1620
538 197 2907
538 8 3812
538 161 4439
511 398 4429
511 32 2663
511 274 826
511 161 2662
398 8 2626
398 12 1738
398 32 3867
197 8 2011
197 161 1853
29 197 4707
197 94 3831
8 12 2896
8 94 1143
12 32 2444
12 23 2519
12 94 3515
274 32 3420
32 23 114
274 161 2344
274 29 4481
274 23 75
161 29 1429
29 23 1694
29 94 3069
23 94 4775
538 274 411
398 161 3014
511 398 969
538 32 4071
197 94 1005
197 274 4102
398 12 451
197 161 2591
8 94 1749
8 23 2126
538 161 3709
32 161 4341
538 8 3016
538 29 2382
538 398 1474
12 29 773
538 23 2675
511 94 153
12 94 4817
538 161 863
32 511 4618
32 29 2234
398 12 2467
511 32 4419
197 32 3564
197 94 4250
32 94 3707
32 94 1235
538 32 1538
29 94 4701
197 94 2667
398 94 1770
161 94 1154
398 23 880
12 94 4931
398 94 3685
23 94 512
29 23 3444
8 23 4549
538 511 1000
8 23 1321
274 29 4211
511 23 2666
511 8 3643
12 29 2868
29 23 1021
398 12 731
511 398 859
398 161 3499
12 94 4728
538 8 4178
398 197 1825
274 8 1244
511 12 4541
538 511 44
32 23 2731
12 32 4596
538 23 1353
511 161 1212
511 398 290
398 197 2165
538 12 4577
398 29 976
29 23 1653
274 161 2891
538 398 4798
538 94 1706
511 23 3651
8 23 3784
398 32 2548
511 197 2558
538 511 2066
12 29 4113
32 274 3240
44 536 2221
44 402 4367
536 371 1714
536 132 4155
44 371 3204
371 147 970
402 132 4082
505 402 76
147 132 1216
132 261 2543
402 147 3811
147 356 2633
261 505 2263
44 505 435
261 356 4992
536 261 3595
505 356 1010
371 356 3491
132 147 750
536 147 2287
261 402 2279
505 261 3853
371 402 917
44 356 973
536 371 2616
356 132 938
132 356 4325
536 356 4689
402 147 163
132 147 1789
147 44 692
536 356 4260
44 147 2170
402 147 1298
44 356 4222
44 536 678
536 261 646
536 261 4754
44 261 352
371 402 2481
132 147 4961
505 356 1288
356 402 795
371 356 2786
536 356 2993
371 261 2986
132 261 1852
371 132 2259
132 505 1910
536 261 3815
132 261 947
132 356 1458
147 261 917
402 147 1942
132 356 765
371 261 1110
402 147 1647
371 132 1924
371 132 2179
147 261 272
536 261 1178
44 402 2662
371 505 2397
371 147 3926
44 132 2284
536 147 4244
371 356 1059
132 147 541
371 402 3808
402 356 2031
536 371 711
402 505 1035
147 356 4324
505 356 3584
505 147 1473
132 147 500
261 505 2075
371 505 4467
536 132 1889
505 356 2583
371 261 4958
402 356 3120
44 505 4423
402 505 1799
402 505 3017
44 147 1628
44 356 775
132 356 4870
132 147 2494
536 261 2339
44 371 4203
44 505 423
210 466 4786
296 352 2642
532 344 195
546 557 4652
310 290 3945
112 55 1908
49 257 1415
345 87 3511
159 373 1341
163 17 53
564 124 4674
308 514 1020
135 166 290
196 332 3028
436 80 3070
76 145 2663
152 486 234
107 323 1444
471 516 4334
482 164 1299
164 260 3850
154 254 3560
427 249 3786
519 122 3501
104 179 4103
234 114 4116
384 200 2282
383 354 4770
233 3 387
540 51 3937
51 335 74
47 430 3206
559 153 729
533 94 4501
12 356 2640
5
41 46
145 346 178 143 454 167 542 47 492 218 18 192 12 458 284 79 208 72 113 231 531 410 148 66 568 422 130 480 95 34 86 430 218 557 415 182 115 251 451 514 139 54 137 266 174 501
214 40
167 67 279 192 371 390 59 483 232 225 80 105 126 467 273 402 245 325 434 201 565 4 473 341 102 97 73 353 160 97 531 518 420 410 220 234 513 406 551 182
541 49
224 531 147 145 336 36 307 506 101 434 126 121 544 547 226 7 431 18 373 359 65 40 187 161 572 112 554 458 540 490 450 239 226 446 35 371 254 567 112 369 102 251 480 347 338 306 15 434 359
206 19
281 446 244 91 312 374 378 454 476 231 456 434 459 260 206 244 166 361 315
422 53
280 140 210 151 419 308 232 499 40 215 263 442 383 382 80 66 132 385 558 71 67 447 122 86 141 47 158 510 497 374 539 373 52 287 532 22 89 387 256 445 534 446 345 46 334 349 534 417 569 195 3 474 71
