165 353
13 142 83
13 34 36
13 97 97
129 132 50
129 77 24
70 132 94
70 77 51
132 77 68
77 135 88
32 30 96
32 104 83
32 157 54
30 127 23
127 104 65
127 157 24
30 104 74
157 30 27
104 157 90
162 108 57
108 146 36
108 57 84
146 57 90
146 94 38
57 94 25
94 5 90
63 26 44
63 113 31
63 48 77
26 113 54
26 48 51
26 53 41
113 48 79
53 113 49
53 60 85
54 116 25
54 17 31
54 95 48
116 17 89
116 95 92
116 115 57
116 67 48
17 95 88
17 115 44
17 67 25
115 67 40
114 155 22
114 88 46
114 90 42
21 155 34
21 88 93
21 140 45
88 155 61
90 140 27
117 14 23
117 164 28
117 7 66
164 14 27
14 37 47
14 111 51
14 7 94
164 37 41
37 111 97
111 7 29
99 19 75
99 107 31
19 107 95
19 103 73
107 103 93
107 9 70
103 9 96
131 103 41
9 131 67
32 157 48
30 131 64
115 140 79
129 99 35
13 70 87
32 117 51
30 140 36
162 63 72
26 9 27
135 21 67
135 108 87
135 111 77
77 67 41
88 7 99
30 157 35
60 14 75
113 37 45
30 117 26
26 114 29
108 95 88
41 81 39
133 6 45
41 46 30
81 20 35
41 6 96
133 20 33
133 36 75
20 122 40
46 6 63
20 46 42
6 122 38
36 122 57
41 20 68
41 122 99
41 36 70
81 133 26
81 46 90
81 122 28
133 46 80
133 122 53
20 6 90
20 36 59
46 122 57
6 36 93
41 133 83
81 6 95
41 46 65
46 41 96
81 122 49
20 46 43
6 36 98
81 36 72
36 122 33
6 36 73
41 6 88
20 122 70
20 122 25
133 36 75
81 20 73
41 6 80
133 6 67
6 36 57
61 78 60
61 91 78
61 139 64
78 92 72
78 58 35
110 92 35
110 1 89
92 139 27
58 139 78
139 1 39
58 91 71
1 91 31
92 91 94
61 58 81
78 1 98
78 110 58
78 139 88
78 91 32
110 139 21
110 91 79
92 58 93
92 1 82
139 91 66
58 1 75
61 1 50
110 1 61
110 1 88
78 139 79
78 58 95
61 139 60
61 110 63
110 92 36
92 91 66
58 92 69
61 139 66
110 139 20
92 139 75
92 58 58
58 91 23
61 58 98
1 91 28
161 25 40
25 31 63
31 84 63
84 160 43
160 130 36
130 138 53
138 51 23
51 158 33
109 158 82
109 56 52
56 126 23
126 3 97
3 45 81
45 105 74
105 50 71
50 49 39
49 29 63
29 96 42
96 74 25
74 163 61
163 69 84
69 10 57
125 10 77
125 18 91
18 22 82
109 69 26
105 125 83
50 69 30
105 163 89
109 10 76
31 109 51
161 49 83
50 163 61
10 22 52
74 125 54
25 18 71
138 18 23
45 50 90
130 3 32
31 50 24
56 105 58
160 105 64
130 69 66
163 18 70
128 148 91
43 148 79
43 120 25
120 65 21
65 66 99
66 87 49
87 59 31
59 124 25
124 93 93
93 44 79
44 102 29
102 38 52
38 112 78
112 2 25
11 2 22
11 76 64
76 144 85
144 71 21
33 71 86
33 35 72
35 101 88
101 141 23
141 154 86
128 154 99
44 71 56
148 120 37
33 141 46
33 154 49
76 101 49
87 141 80
65 101 93
43 76 29
93 2 68
71 35 52
65 35 97
33 87 55
154 2 42
43 11 69
128 35 99
148 144 71
87 59 79
44 43 85
89 40 41
40 98 61
98 152 20
152 62 38
62 153 66
153 165 55
165 4 42
4 100 84
100 106 75
106 83 56
83 159 30
159 149 57
149 136 26
136 64 49
64 151 49
151 150 42
150 145 32
145 8 57
8 27 57
27 118 89
118 55 55
55 15 53
15 16 63
16 42 80
89 42 40
165 27 20
106 118 74
98 165 45
100 55 99
64 8 98
152 149 73
151 42 83
165 16 40
159 118 82
153 83 96
152 136 64
151 16 48
136 8 92
165 27 98
149 145 94
150 55 41
40 27 22
151 145 85
47 68 28
68 23 53
23 137 96
137 12 64
12 123 44
123 52 85
52 121 94
121 147 61
147 39 97
39 86 88
86 28 65
28 73 94
73 82 57
82 79 38
79 156 62
156 24 86
24 85 71
85 134 62
134 75 78
75 80 64
80 119 42
119 72 60
143 72 62
47 143 59
75 156 75
68 147 81
47 156 65
121 80 64
119 23 42
123 134 94
121 28 70
52 24 87
85 134 85
134 86 25
79 134 87
134 119 98
52 28 98
137 156 30
82 72 92
147 79 52
143 85 48
23 39 40
52 39 72
60 20 81
20 91 99
31 61 31
161 93 40
112 150 74
8 143 48
5
74 9
124 67 155 133 105 45 112 154 150
130 6
128 126 65 19 57 68
106 5
69 90 42 23 143
156 18
25 118 164 28 30 51 89 19 122 149 36 119 3 48 142 102 103 3
150 14
65 37 147 17 149 40 124 14 9 22 157 154 139 86
