2
940 70
253 186 327
148 219 296
448 152 299
13 224 258
509 180 253
176 197 329
738 236 308
563 191 262
566 251 196
873 175 274
339 203 318
745 209 254
654 183 347
752 240 274
720 184 274
505 222 259
268 230 306
464 228 287
734 209 332
579 168 255
638 185 255
556 232 326
633 192 338
712 162 295
706 154 150
815 235 288
238 151 242
694 190 251
670 214 325
474 241 265
377 252 287
226 250 250
900 232 286
596 251 280
893 188 290
896 159 328
548 234 337
917 214 314
297 219 321
350 186 294
777 196 260
697 217 331
492 243 262
867 155 262
316 153 350
54 156 315
48 197 269
57 240 263
512 196 254
647 221 319
320 164 147
85 159 287
426 235 322
208 205 281
460 162 291
672 241 335
587 234 298
475 194 318
358 247 316
501 255 245
37 193 334
537 241 301
935 202 339
117 202 251
405 202 271
451 204 333
699 199 315
348 211 343
199 247 149
516 188 292
607 247 268
45 252 236
33 191 304
520 173 335
909 246 311
434 197 327
463 226 316
630 214 147
582 203 271
395 149 229
808 168 272
246 167 309
796 185 307
924 200 315
14 161 292
214 179 288
356 243 266
355 162 262
939 169 279
60 250 317
736 175 332
52 204 292
233 161 269
618 223 349
768 237 316
399 251 281
652 240 299
158 157 153
50 164 149
881 196 330
263 239 314
111 228 332
313 166 252
149 251 218
163 198 307
488 167 151
568 193 282
586 196 266
321 181 303
235 241 329
28 169 265
907 250 153
870 167 350
605 251 314
487 176 349
908 171 325
741 196 311
692 231 302
42 183 299
135 211 281
170 182 322
177 152 195
346 173 278
365 236 266
489 154 222
920 195 323
875 238 258
874 205 338
449 155 304
46 206 341
243 153 315
746 242 343
619 241 254
794 227 348
210 242 338
662 213 277
584 216 278
21 250 296
87 153 346
9 206 317
318 233 313
383 192 304
482 245 152
375 228 348
603 238 256
525 173 326
504 160 255
614 251 319
727 181 340
2 250 256
863 150 231
205 209 289
912 160 271
407 187 270
83 218 313
171 158 335
589 250 265
227 198 284
789 220 335
821 230 151
860 186 296
175 156 334
641 200 302
174 197 267
671 154 296
876 178 314
528 245 293
523 206 313
852 157 292
10 153 201
70 151 243
64 212 338
333 239 309
696 222 314
710 172 330
749 198 287
625 245 267
131 206 321
879 245 256
390 166 260
500 194 348
417 185 278
938 190 258
364 212 350
140 181 314
336 208 290
221 154 192
472 219 322
889 153 270
802 229 273
452 177 313
832 197 282
77 179 264
96 213 349
467 247 302
172 186 297
88 156 310
534 251 346
576 195 286
770 166 335
783 155 284
260 240 287
162 192 307
910 171 339
160 216 300
664 247 319
937 241 320
535 159 257
549 189 334
707 196 275
324 219 279
161 209 250
498 193 338
266 185 344
666 187 279
211 203 324
649 225 298
442 188 301
344 161 279
787 212 343
73 155 204
751 190 337
612 157 301
159 157 287
667 233 265
18 245 265
716 238 285
224 236 271
933 170 256
700 209 311
78 215 334
722 189 300
760 188 252
146 225 315
15 166 334
891 192 250
486 234 256
141 179 311
847 211 280
901 177 272
545 250 306
201 192 293
331 239 299
200 189 336
371 171 343
427 251 329
17 231 291
39 220 323
292 213 329
156 158 153
225 251 312
687 159 342
644 191 334
126 205 292
308 171 298
911 247 310
913 248 289
133 235 349
424 244 318
287 215 303
904 199 323
762 185 275
880 224 331
820 236 317
213 233 262
360 187 283
455 231 275
393 174 251
458 250 238
134 197 281
825 222 286
106 241 333
744 174 254
457 212 151
385 223 350
800 172 336
327 167 250
826 176 341
629 241 285
30 181 334
256 209 290
58 225 296
781 236 340
775 179 261
550 255 162
683 250 285
366 187 331
733 176 291
281 203 269
702 183 283
41 182 267
314 237 256
496 151 231
202 250 261
622 216 326
532 190 257
767 170 343
899 153 341
353 150 163
244 198 318
928 203 305
114 241 293
247 226 307
93 200 292
833 200 341
118 230 267
459 195 338
648 161 339
499 237 250
223 182 316
578 237 307
66 201 314
594 250 237
790 215 309
105 222 262
558 226 345
300 208 280
521 216 263
831 203 309
759 193 330
380 196 323
554 168 147
322 250 331
495 166 270
484 223 279
143 217 311
75 185 347
384 155 252
643 180 305
338 248 349
5 179 267
855 157 346
868 214 307
115 207 260
16 250 308
357 189 321
510 248 259
415 219 281
757 248 151
98 226 281
620 157 319
168 236 292
627 221 266
679 254 249
142 199 253
853 211 257
36 208 312
71 198 147
456 243 283
562 214 258
391 249 247
851 229 316
317 184 301
302 213 302
184 198 313
529 249 211
774 211 253
719 187 326
137 172 342
921 210 336
886 243 335
408 196 315
12 253 191
503 194 335
122 158 274
92 170 309
524 232 350
239 161 347
288 249 316
462 211 278
144 239 322
11 219 337
543 207 345
450 235 261
750 190 284
834 210 332
444 222 275
382 165 288
693 240 288
810 217 270
361 205 325
388 231 336
541 235 313
465 204 151
788 193 344
352 208 338
691 203 302
196 149 235
895 215 282
559 226 321
95 252 165
406 211 274
251 241 337
32 198 273
91 158 276
839 252 329
827 231 149
55 247 290
580 226 342
849 182 277
797 198 345
277 165 344
421 193 349
478 164 250
822 224 293
931 192 275
731 246 350
386 252 281
688 172 274
590 235 299
104 158 311
301 217 320
67 223 310
22 173 305
845 152 346
212 241 291
557 200 261
1 183 264
63 242 329
665 218 280
564 228 273
325 159 323
531 153 275
595 157 332
109 161 303
650 185 297
102 152 185
682 215 283
514 240 303
862 228 320
784 255 150
542 248 291
428 202 280
121 155 278
293 201 324
636 232 311
215 240 347
282 222 251
27 236 261
245 234 281
813 236 291
368 163 338
454 193 311
62 170 320
866 214 349
191 239 339
708 207 323
3 155 221
740 217 319
850 187 347
842 239 323
435 163 348
600 205 305
84 178 297
44 244 316
409 181 302
136 183 346
793 155 214
480 235 252
420 186 345
914 177 269
765 225 301
8 236 264
315 201 333
685 249 279
180 216 265
661 249 321
398 178 341
265 176 345
164 238 150
684 230 345
884 174 312
195 195 274
229 213 331
799 252 345
858 168 283
530 222 309
613 169 341
703 186 330
934 215 318
157 183 350
40 157 149
798 181 336
23 169 292
555 166 325
807 184 260
872 244 284
230 206 271
453 179 300
801 252 220
518 200 323
601 212 345
674 203 320
673 200 346
19 206 257
258 160 152
79 164 151
522 252 330
780 247 340
569 218 269
254 203 274
173 152 257
490 240 253
61 249 202
840 217 256
340 210 252
718 152 274
294 254 159
402 178 345
369 198 271
610 196 307
544 203 310
669 227 262
546 249 323
252 232 344
419 155 288
151 153 158
370 251 254
198 158 341
631 243 255
753 221 269
786 162 328
508 184 258
152 153 320
187 171 340
923 223 348
107 232 270
343 184 288
761 240 331
119 178 349
819 164 298
181 230 252
206 161 252
493 243 327
100 158 251
443 181 252
602 215 347
553 214 340
476 163 271
809 159 260
764 222 150
334 192 283
169 229 309
194 212 300
776 227 286
932 198 311
927 206 299
305 159 324
6 247 312
861 164 303
637 197 273
303 249 257
515 197 306
132 248 341
341 153 202
128 196 283
551 196 278
639 187 310
695 162 272
540 154 335
354 222 252
323 247 346
878 231 337
304 189 340
35 214 272
848 222 333
47 231 263
653 168 267
599 176 296
792 180 277
197 190 270
116 181 320
506 161 288
411 249 150
189 197 300
185 159 301
511 220 307
441 215 335
818 222 348
626 199 317
155 171 286
816 229 303
906 229 342
139 243 287
167 171 315
604 200 270
387 183 287
319 153 303
74 224 291
769 200 273
598 162 336
730 184 343
34 217 308
916 155 201
892 163 151
869 222 273
743 188 264
926 223 262
929 174 349
422 235 328
570 200 314
698 162 347
432 248 298
588 222 274
925 173 286
940 224 318
689 175 346
284 176 315
345 170 263
120 209 320
203 174 274
329 214 285
581 171 302
494 164 322
124 204 307
347 199 347
723 155 340
795 164 305
481 233 257
471 180 321
591 251 298
857 182 307
72 167 262
897 238 287
552 174 299
711 174 335
758 245 326
754 243 263
655 161 338
4 159 327
372 163 289
835 227 303
182 175 287
108 196 325
836 190 315
663 193 265
646 153 327
53 169 331
466 210 311
298 199 252
574 215 316
264 154 233
431 193 293
278 160 278
477 154 322
234 153 227
439 199 261
220 251 192
497 233 306
291 189 342
882 228 342
806 213 341
25 211 284
461 218 319
877 251 225
190 156 299
657 175 264
363 235 273
296 168 273
373 154 250
24 179 280
295 181 344
726 242 293
837 211 333
919 221 308
890 163 309
597 187 344
729 231 310
86 214 350
883 240 341
359 255 203
342 245 321
676 207 294
404 166 291
337 177 281
468 178 309
418 201 346
608 240 327
290 157 316
803 223 253
766 211 267
438 155 341
193 192 272
279 165 259
902 239 338
561 215 346
376 177 349
930 220 276
609 254 170
513 219 254
742 176 270
248 172 267
99 216 288
616 161 275
677 153 286
262 211 262
110 157 335
113 241 339
728 152 337
856 194 324
179 252 242
433 179 347
192 171 312
145 208 347
68 199 288
539 212 283
628 215 254
242 232 263
97 242 349
573 174 277
20 251 220
150 157 311
166 246 344
538 155 317
922 223 287
656 153 340
536 238 272
593 160 285
129 222 311
894 213 346
178 201 276
219 186 319
130 219 299
887 234 272
888 235 251
658 233 349
403 207 320
778 154 242
678 236 297
704 221 341
49 167 273
675 253 159
274 242 291
446 190 348
101 213 290
805 238 267
681 152 304
209 244 311
846 170 331
844 243 267
640 239 289
392 229 347
747 186 260
250 237 334
660 220 327
153 236 273
645 213 316
724 176 337
737 179 328
721 210 265
332 253 225
367 215 294
351 222 316
575 171 307
517 212 324
261 242 299
864 192 334
389 152 322
65 176 348
585 174 328
527 152 283
186 195 347
255 219 260
567 201 334
401 223 334
811 155 241
31 155 261
29 161 310
374 228 148
43 165 347
668 230 336
773 177 276
560 235 284
286 201 262
642 251 269
632 229 293
396 187 309
378 214 268
701 191 292
257 191 306
236 153 170
90 199 262
623 205 253
782 176 331
838 169 261
659 243 330
871 173 323
565 163 265
335 165 268
606 199 260
204 221 287
739 185 261
804 175 277
621 217 273
785 240 305
270 203 326
309 186 314
885 210 147
735 155 293
763 165 335
617 164 308
791 237 284
903 206 303
259 217 347
828 247 279
611 221 348
123 204 265
430 178 337
326 172 332
273 207 279
216 246 317
502 165 284
577 205 271
165 152 271
416 198 281
814 209 278
311 205 348
651 155 290
310 250 195
624 231 346
507 155 326
479 199 333
138 196 284
748 153 163
103 153 288
154 170 314
725 241 251
705 178 303
771 180 339
572 193 343
125 186 250
915 195 273
312 168 300
634 176 303
756 171 295
147 242 337
267 215 287
413 161 254
526 251 224
228 180 336
732 233 150
571 190 323
615 159 258
410 204 340
592 233 318
330 168 324
217 156 270
447 189 280
812 187 323
280 213 345
289 181 294
56 230 349
425 170 304
275 224 339
249 252 280
429 163 287
231 208 255
469 191 271
714 212 332
276 212 277
38 210 350
686 252 272
59 197 287
207 204 341
397 243 329
89 149 216
81 173 260
440 250 321
854 155 285
817 195 281
436 197 324
112 240 322
80 187 295
715 243 317
299 196 253
491 165 345
414 183 334
272 217 343
865 184 317
437 187 338
269 235 279
241 218 331
283 185 304
824 161 343
328 223 267
470 181 298
898 243 269
76 208 265
69 195 256
859 176 340
843 224 301
905 223 338
271 238 310
7 213 281
237 163 337
26 246 347
717 202 292
709 178 260
94 243 338
918 241 304
680 241 278
412 159 350
127 221 278
547 233 327
362 247 343
240 199 344
285 226 255
936 232 312
830 153 189
772 159 295
222 166 267
400 198 316
379 219 291
755 195 293
829 162 266
188 198 342
51 232 310
82 162 349
483 245 264
473 252 293
445 201 303
349 225 258
485 153 312
218 196 299
232 173 296
713 214 270
394 182 282
533 169 313
306 239 261
307 216 285
779 169 319
381 187 271
823 168 318
519 185 296
841 209 148
635 172 271
690 212 299
423 201 332
583 252 187
183 205 280
864 95
405 165 107
609 522 294
85 130 186
13 112 263
189 530 305
503 296 517
248 257 109
568 344 119
563 457 183
437 280 119
67 118 384
347 491 149
461 54 306
90 317 498
475 271 513
147 496 319
605 205 103
767 495 343
610 60 305
23 498 371
406 469 166
270 200 505
770 418 518
42 120 220
301 439 506
687 242 88
543 443 492
276 105 376
223 444 118
247 118 458
542 190 512
313 527 264
808 178 106
317 332 81
150 308 98
204 192 80
734 159 135
181 371 98
61 473 115
665 502 286
319 189 114
180 447 102
842 242 92
656 186 116
864 110 240
747 303 81
553 337 118
653 105 234
453 195 88
315 209 114
649 103 340
701 116 142
74 518 368
273 282 93
222 79 278
799 229 99
183 197 112
761 83 351
439 519 256
138 332 506
356 419 512
611 358 93
675 320 95
517 491 368
775 116 363
497 340 504
699 89 347
597 300 506
296 342 500
449 173 103
635 114 151
601 216 103
334 496 195
711 404 85
464 91 243
369 290 87
648 80 248
152 84 306
555 203 493
831 480 375
759 415 495
737 341 498
758 154 125
756 231 87
852 92 390
643 438 120
450 279 92
465 496 226
210 477 236
861 403 501
157 462 126
642 166 497
45 532 302
391 70 282
819 218 514
392 309 502
396 490 200
244 167 98
604 453 450
21 143 469
607 454 468
179 154 135
733 144 126
565 489 272
241 120 460
470 137 172
843 127 432
81 514 361
79 478 243
424 101 279
550 378 491
700 155 112
782 93 383
62 127 164
440 129 478
158 134 476
588 238 501
353 119 387
107 85 360
429 531 293
844 142 444
333 462 450
769 381 513
621 448 89
614 123 424
27 474 134
655 83 243
625 472 221
287 421 107
382 126 474
76 110 347
293 435 124
644 119 411
300 125 194
326 436 97
680 396 496
622 485 162
458 303 501
256 201 489
602 474 398
128 151 120
110 95 188
197 483 475
834 105 437
132 263 103
552 299 520
824 150 447
11 356 97
786 321 88
516 298 503
749 495 181
4 98 269
238 492 441
807 205 86
814 482 411
235 105 350
662 473 369
638 529 311
99 281 503
145 248 517
668 458 123
500 67 336
850 497 376
524 443 490
303 278 504
835 61 323
545 270 85
532 150 478
832 254 508
72 117 407
793 159 106
722 145 165
712 315 106
340 131 433
698 371 520
727 145 449
830 289 486
323 492 212
480 473 225
236 502 361
16 446 482
137 473 148
93 172 103
402 83 328
657 478 175
38 237 492
401 155 487
290 497 410
735 465 207
818 515 354
428 95 387
178 537 311
192 226 493
229 306 501
279 317 483
329 469 196
660 291 500
123 140 434
678 203 504
80 143 130
260 387 483
29 287 512
20 468 433
633 530 343
575 497 216
693 200 115
377 136 168
131 495 267
704 450 494
707 99 283
600 116 438
738 194 509
309 76 326
283 468 451
205 504 207
5 482 371
185 357 91
659 100 275
295 269 101
444 407 118
385 95 211
164 504 397
645 388 498
521 360 500
846 376 511
17 145 133
811 527 334
471 319 94
96 459 449
106 413 91
853 83 356
365 61 298
364 87 369
357 92 346
430 438 106
113 68 286
370 477 214
224 522 283
859 497 367
130 489 442
375 239 509
455 467 457
551 360 515
478 480 210
348 445 513
182 468 474
330 484 363
560 381 101
615 520 306
731 88 394
632 290 510
167 145 128
328 394 483
55 457 495
215 206 481
559 462 161
160 334 116
812 437 489
259 98 389
650 402 506
851 168 96
141 248 498
791 436 468
232 85 372
505 358 82
743 138 174
651 387 102
463 197 482
658 402 115
460 504 307
305 293 81
135 501 195
306 157 116
352 234 111
92 121 215
173 319 512
862 244 486
636 310 107
114 352 90
15 493 177
101 178 507
108 493 416
65 463 112
459 416 511
618 405 99
798 65 335
535 273 120
234 94 239
481 459 162
367 86 235
37 503 356
491 464 485
674 108 189
86 506 404
663 441 117
264 125 175
227 487 442
569 214 517
359 169 489
840 322 519
308 132 187
148 421 498
64 518 366
162 216 517
291 488 358
741 298 492
823 71 241
667 312 113
709 185 80
379 199 115
571 364 95
60 437 93
166 269 487
837 434 481
34 117 173
492 165 494
153 489 333
544 151 512
191 372 91
805 349 481
22 381 503
198 191 116
408 333 88
322 465 417
228 337 489
488 122 127
794 458 419
813 475 404
376 93 242
57 124 389
836 389 94
201 58 284
54 90 313
140 148 169
278 503 269
599 228 494
31 156 478
368 410 511
422 489 420
608 444 147
507 137 164
508 489 457
788 305 111
694 463 188
416 415 119
154 200 510
441 329 499
91 233 509
724 127 221
425 219 114
73 490 154
626 112 339
263 509 261
473 428 498
754 115 447
561 100 206
692 140 477
168 497 335
784 264 87
350 105 212
539 268 496
8 458 450
98 372 491
47 485 253
230 95 272
634 93 290
43 101 397
304 520 329
30 106 395
739 362 500
726 331 520
780 154 99
765 265 88
729 94 211
485 121 388
522 101 216
203 527 324
466 484 160
36 218 112
337 128 179
387 410 491
120 431 113
75 193 109
652 68 323
374 236 508
272 66 275
186 191 486
577 108 354
572 252 498
740 466 427
9 305 495
6 482 176
531 532 289
53 218 111
858 169 505
790 124 429
706 376 482
623 101 320
342 218 88
403 479 468
728 78 339
311 88 230
725 94 354
570 121 418
512 199 513
324 490 257
696 111 161
218 136 128
501 431 92
66 476 377
216 77 257
104 233 113
10 531 334
381 243 511
249 460 473
433 86 343
70 250 116
742 310 501
697 331 115
221 471 400
715 496 387
261 377 515
773 489 180
833 504 243
681 77 295
151 517 359
828 263 488
595 154 485
801 451 449
217 74 239
863 294 102
252 382 105
26 82 217
838 486 374
404 374 119
41 442 113
518 323 498
35 205 517
581 78 311
419 518 242
804 94 357
774 500 234
585 164 492
255 172 100
525 229 489
673 307 512
219 437 499
44 505 367
394 215 110
586 149 100
384 177 499
14 470 179
12 495 279
413 363 111
188 255 516
760 134 174
126 55 304
630 492 191
195 215 511
821 440 88
297 95 389
716 191 112
134 123 158
826 97 270
397 241 506
51 50 295
454 209 99
288 96 364
777 162 493
388 128 383
855 143 453
679 94 287
298 393 99
717 82 318
202 135 160
654 156 483
469 365 99
664 237 501
489 387 96
669 311 119
432 78 248
84 378 487
613 479 387
705 428 499
671 431 518
574 463 407
24 473 204
427 472 461
676 80 239
349 171 505
209 470 446
732 142 107
68 543 314
723 78 347
246 471 207
514 79 325
193 153 88
768 514 275
431 120 177
121 303 97
250 83 335
537 106 348
233 365 496
567 444 495
343 81 284
714 105 219
592 307 497
854 111 265
109 300 510
286 522 242
33 430 502
423 101 166
536 276 488
133 147 162
628 86 339
174 157 487
468 444 96
647 81 309
562 120 176
310 258 518
199 266 511
753 98 366
736 446 519
344 164 113
111 434 99
637 383 80
28 500 233
149 135 111
688 184 480
624 526 250
187 88 232
294 238 112
606 321 120
627 405 103
163 443 102
119 193 506
280 75 249
116 83 342
161 377 101
176 514 387
661 512 282
487 140 495
499 473 396
530 289 90
576 502 358
435 392 120
139 493 198
32 509 351
220 281 107
105 489 205
750 477 360
447 324 499
748 292 115
745 251 498
476 452 154
78 526 274
94 333 118
7 103 326
616 177 514
751 90 368
371 135 402
817 156 143
251 257 514
175 113 129
380 85 362
213 337 487
239 85 340
603 477 202
360 454 124
421 357 119
845 149 125
266 105 318
71 172 109
708 304 110
169 475 174
540 437 89
321 191 520
523 492 432
730 331 500
335 517 225
548 520 232
482 221 116
822 75 334
207 262 93
171 397 90
619 110 251
839 182 491
857 468 191
409 254 89
89 126 374
165 550 307
527 497 282
519 416 481
443 258 481
341 515 326
495 475 476
390 340 486
829 234 117
415 264 97
612 483 153
115 542 283
766 527 326
345 198 515
779 508 289
783 494 331
580 321 95
483 127 185
757 108 376
591 87 330
117 429 497
393 174 519
327 108 180
284 104 193
211 108 160
772 104 240
194 530 306
776 472 397
363 517 336
438 425 510
212 202 114
515 510 383
83 263 507
285 257 509
398 158 89
549 194 516
144 242 95
578 447 497
847 419 106
682 221 496
472 172 506
719 99 366
594 521 243
320 480 240
554 62 272
292 470 188
494 366 89
434 514 307
590 430 95
504 349 96
474 80 325
226 401 81
752 119 467
684 156 115
479 168 482
58 496 269
477 480 435
446 435 497
720 462 131
787 138 129
797 173 515
118 484 220
378 229 501
63 160 109
849 253 82
640 486 173
243 371 484
418 494 342
528 547 297
325 454 138
755 491 386
414 218 86
156 159 88
355 500 247
56 195 505
763 475 220
254 485 222
59 483 184
362 421 520
695 503 337
809 101 354
225 524 265
200 328 502
143 162 479
827 468 407
95 359 484
506 443 135
691 430 105
457 204 91
52 98 423
456 209 482
269 351 515
589 490 345
529 93 226
262 88 201
546 315 118
346 102 197
268 473 195
155 211 87
383 238 499
3 92 189
274 66 284
762 537 310
646 482 427
389 434 117
302 168 105
49 204 113
196 491 329
806 66 283
498 102 346
541 216 86
265 196 80
683 360 508
373 467 132
281 234 110
462 97 268
331 174 505
407 518 246
237 376 92
271 328 86
46 177 119
815 502 196
513 180 507
206 107 223
336 386 117
277 494 373
810 192 494
718 500 392
533 340 100
573 207 89
617 503 285
803 136 125
103 159 483
493 68 275
713 512 380
338 138 171
307 460 439
299 442 458
100 95 353
231 121 424
395 428 487
467 353 96
579 90 275
420 138 106
289 461 442
208 463 451
18 139 447
39 484 232
170 449 459
778 126 426
316 237 106
50 477 480
48 100 249
800 337 83
82 77 242
558 488 204
795 312 94
710 498 164
511 455 460
410 157 512
436 512 270
275 499 219
771 540 284
445 153 473
848 500 406
510 419 117
312 488 180
361 452 165
781 99 413
860 460 150
19 497 250
746 175 506
159 409 491
789 458 185
412 126 162
354 375 115
386 151 462
282 304 116
184 315 506
583 305 101
88 116 428
102 110 175
177 445 127
587 239 494
452 128 463
841 112 257
677 248 507
820 344 486
366 88 261
703 443 461
190 158 134
639 351 507
484 100 170
451 513 249
129 87 321
426 489 379
69 160 103
448 165 93
584 454 438
526 158 517
318 125 117
25 68 282
490 516 223
564 214 510
856 504 415
557 393 91
538 145 461
796 320 119
686 534 321
399 199 493
547 313 498
502 249 94
240 166 494
670 107 338
122 485 213
496 91 354
2 79 310
534 293 518
596 457 467
582 510 245
253 136 146
339 148 146
136 157 490
258 151 156
825 124 155
792 77 253
620 512 360
314 134 428
1 72 278
486 162 496
214 285 103
257 195 83
112 270 90
721 268 109
242 445 109
124 418 115
598 105 356
556 233 504
744 74 334
97 218 487
520 157 483
87 410 118
593 114 372
142 494 154
172 289 500
267 499 352
702 228 94
785 508 260
802 84 326
411 475 410
125 433 512
358 387 117
245 529 251
77 308 481
127 540 299
631 139 480
442 493 434
672 130 139
764 157 469
685 335 83
689 351 503
666 503 231
566 211 90
641 496 286
146 502 184
332 486 239
816 163 91
690 490 190
417 307 112
372 464 408
629 308 488
351 127 125
509 421 490
40 434 101
400 117 438
