3
777 20
294 603 665
290 468 455
403 534 530
404 555 611
717 456 470
400 714 812
398 876 1103
211 777 938
374 531 557
368 405 389
58 507 539
355 591 629
195 804 968
107 861 1055
731 624 662
147 906 1148
692 828 986
1 714 866
555 429 368
624 825 1031
383 522 512
601 423 380
649 558 632
68 702 839
286 768 944
620 516 551
533 654 713
114 477 506
61 789 938
284 468 428
139 882 1058
105 894 1136
458 417 350
143 645 689
367 501 515
353 570 602
190 528 569
668 417 416
27 357 329
483 615 719
721 630 719
349 459 425
75 873 1073
287 396 329
43 384 326
122 666 722
160 486 458
689 441 443
181 492 458
74 519 581
439 459 458
289 900 1088
34 669 794
22 501 521
279 564 629
720 459 404
696 606 671
748 831 1022
614 417 410
618 789 983
138 408 371
524 792 926
728 729 845
573 369 338
124 501 539
48 690 818
81 591 665
344 438 392
615 642 695
589 654 731
613 789 986
228 828 1046
544 468 413
521 747 890
354 819 1019
307 711 866
222 783 917
261 360 335
501 453 413
214 474 512
657 645 773
648 747 878
774 774 962
711 642 770
455 423 419
445 441 416
299 612 686
249 495 539
230 882 1118
145 543 569
127 351 323
109 576 638
104 675 779
461 747 926
125 774 914
494 867 1079
625 627 689
522 816 953
371 825 998
237 669 770
327 828 980
523 864 1037
311 387 371
357 624 668
733 816 971
532 420 416
330 597 674
123 810 1019
671 414 371
584 381 368
15 774 965
212 846 1091
572 897 1130
128 732 842
177 558 614
427 837 989
292 426 362
564 816 1010
216 897 1109
310 396 362
30 393 341
86 405 383
247 774 908
255 492 497
597 882 1091
571 825 989
402 444 455
126 612 719
582 486 515
385 795 932
318 378 362
498 699 806
17 480 494
316 669 758
505 843 1025
239 486 512
163 678 743
282 924 1160
166 585 671
312 837 1076
670 510 488
157 531 542
369 468 449
553 483 506
441 543 596
430 732 911
491 822 1007
273 897 1133
695 420 386
362 822 968
217 771 923
663 435 380
296 816 1016
390 624 737
304 573 644
667 600 662
598 807 1019
131 723 884
240 840 1040
339 756 890
275 669 743
535 462 452
406 684 752
556 438 443
428 531 533
288 537 539
364 789 956
471 555 548
77 780 941
258 789 923
8 603 698
319 453 449
270 393 371
260 882 1073
370 726 869
295 648 698
188 891 1118
84 534 536
630 792 974
583 594 695
329 891 1079
449 414 344
205 687 827
708 798 950
264 408 410
54 435 452
703 756 896
179 879 1082
759 804 998
76 894 1103
729 834 1049
200 411 341
320 819 995
245 558 590
119 939 1148
100 858 1037
377 867 1058
724 663 791
715 558 596
184 459 431
629 699 836
565 669 809
135 507 560
479 897 1097
777 960 1181
2 639 686
373 564 599
488 414 416
161 429 425
231 588 644
170 771 890
202 498 464
356 879 1052
713 672 776
569 441 440
93 630 758
198 768 896
766 783 920
567 429 356
28 837 1058
340 450 413
552 936 1154
338 555 617
90 549 611
528 714 884
579 894 1115
4 654 755
10 825 995
519 891 1076
149 483 515
590 414 419
236 915 1121
679 585 677
379 495 491
194 612 641
346 834 1019
36 609 671
59 573 635
741 807 1013
334 492 449
607 519 500
412 789 959
591 393 338
570 891 1088
454 549 620
760 894 1076
391 693 803
321 489 470
419 507 533
410 822 992
158 525 548
626 843 1073
65 693 836
323 933 1166
596 420 356
681 702 806
168 423 407
709 879 1115
40 573 593
232 495 521
631 693 848
132 747 902
333 828 1010
42 414 404
623 795 977
95 621 740
451 603 692
19 660 791
309 708 839
384 918 1157
557 642 728
268 618 668
106 432 377
446 357 326
641 477 512
423 444 377
293 489 491
487 417 407
568 879 1112
674 561 590
548 570 644
745 450 401
394 696 860
256 708 812
425 705 869
650 843 1046
706 597 650
737 543 572
480 792 965
285 432 419
643 591 605
435 390 347
773 639 725
252 360 338
526 585 683
433 657 776
359 423 389
595 429 386
176 573 605
234 882 1064
453 858 1082
73 567 629
29 504 512
276 609 635
769 513 497
280 594 620
669 813 965
612 396 377
464 522 542
199 528 524
11 771 953
575 612 656
534 834 995
7 474 431
169 588 632
219 795 995
606 519 557
726 627 728
559 504 521
156 888 1112
608 657 782
616 489 518
611 729 890
686 408 377
44 471 455
85 657 728
416 477 509
325 471 488
120 606 677
308 642 737
756 537 542
266 732 896
55 441 431
206 618 704
409 825 971
677 552 584
602 867 1064
710 936 1148
328 807 968
97 459 443
510 519 494
67 504 557
218 876 1112
204 630 683
175 393 380
672 807 980
738 915 1130
514 726 875
647 762 938
776 810 1004
420 849 1094
508 678 818
699 684 800
162 786 938
518 801 932
397 576 620
112 480 500
542 558 599
558 483 467
755 606 647
585 855 1046
78 498 515
500 885 1085
693 609 722
26 912 1115
350 846 1058
426 567 569
164 399 350
215 690 833
635 426 407
659 456 458
407 798 1004
702 921 1142
183 693 785
185 606 674
363 648 695
697 621 722
69 432 362
115 630 746
233 552 620
117 696 770
673 813 959
89 900 1085
442 426 395
642 918 1142
12 672 800
137 540 581
664 465 437
386 390 350
704 945 1175
193 492 467
424 420 401
87 813 962
561 489 506
408 597 641
395 555 629
562 636 755
347 792 947
694 537 548
549 693 830
429 444 386
436 678 749
94 423 386
56 411 368
665 849 1022
72 432 440
541 480 491
527 675 749
470 906 1124
646 657 791
515 789 965
640 723 827
627 927 1139
271 894 1139
678 636 749
684 552 614
283 810 968
654 930 1166
698 888 1082
227 546 602
322 501 551
753 582 605
537 507 521
82 624 659
180 921 1133
540 873 1112
225 681 818
351 681 809
9 852 1052
767 705 848
53 507 536
467 621 671
742 732 839
41 801 998
313 441 383
251 408 383
113 801 935
619 477 500
472 522 569
388 678 776
246 666 728
457 816 1043
49 669 788
443 696 782
743 669 779
588 690 824
468 831 1046
746 654 746
314 765 920
66 612 710
226 651 770
378 879 1124
566 864 1043
644 513 527
655 630 725
638 714 869
688 480 482
421 720 830
389 480 488
152 651 701
201 489 446
229 843 1070
153 756 863
238 387 326
243 861 1046
70 615 680
662 483 461
375 618 665
335 477 497
486 486 530
536 849 1091
167 780 968
768 585 629
765 516 500
121 894 1130
730 522 587
687 639 701
772 690 761
306 573 662
462 954 1172
484 516 572
130 747 848
33 504 476
592 690 839
547 447 464
221 561 632
418 681 761
525 867 1094
118 636 692
747 846 1067
580 699 860
476 489 458
610 780 929
18 903 1097
396 783 962
267 798 935
171 810 977
209 939 1160
413 636 713
690 447 425
576 621 698
496 816 1022
213 429 395
739 684 818
91 876 1091
274 501 506
539 555 599
60 873 1061
151 822 971
159 876 1085
732 804 986
191 696 839
196 447 467
700 888 1136
599 810 950
771 534 560
499 495 467
497 510 563
192 465 443
637 402 398
14 723 812
129 702 836
749 405 338
712 666 809
685 438 440
775 597 695
680 474 422
605 561 602
259 441 458
452 723 809
543 843 1010
530 840 1022
96 720 842
47 621 674
482 612 695
336 753 893
223 924 1136
317 672 749
764 801 962
727 462 434
609 477 494
489 432 395
144 840 1034
148 792 923
337 561 566
719 756 938
460 615 659
71 711 800
600 402 383
242 729 824
531 603 677
224 858 1019
538 474 509
465 762 950
722 654 791
683 597 689
140 633 734
301 573 623
622 351 302
281 540 608
581 840 1058
360 843 1028
493 513 560
563 825 1061
509 408 356
770 714 821
265 525 518
134 696 827
63 822 1037
399 345 299
380 390 335
332 879 1070
352 558 608
735 771 884
633 780 980
751 474 446
506 654 767
666 561 611
734 897 1082
345 534 515
272 543 533
154 639 710
504 843 1076
485 453 461
197 711 797
762 840 1064
490 342 296
366 735 836
507 867 1097
269 366 347
725 363 308
21 711 845
182 858 1043
88 411 353
278 564 623
414 906 1112
714 459 467
150 858 1088
39 723 860
45 471 461
305 417 380
57 846 1079
447 882 1061
79 774 902
165 444 452
142 837 1070
481 585 596
636 660 749
621 456 455
401 456 395
62 708 863
495 447 383
754 444 467
208 591 611
210 648 740
478 900 1145
763 849 1007
348 621 704
577 849 1079
326 771 929
707 450 422
13 624 743
25 489 524
723 831 1016
64 393 344
253 522 527
254 726 860
315 612 683
173 741 836
52 897 1115
141 615 683
187 807 1022
554 747 911
381 858 1109
758 870 1067
632 558 581
248 756 950
298 384 329
444 828 1040
241 612 659
220 639 692
682 621 653
520 606 701
587 576 587
422 414 407
658 738 854
603 828 995
393 957 1178
83 621 680
761 657 758
634 714 881
297 531 539
376 435 410
434 861 1115
456 687 755
432 657 752
477 447 473
653 411 401
744 702 848
250 774 932
492 528 554
189 549 617
736 690 764
628 381 335
516 876 1046
342 540 548
343 468 446
617 951 1163
178 705 860
529 711 839
716 912 1142
263 453 422
116 906 1100
550 672 791
463 498 521
35 726 836
277 684 833
440 579 623
102 528 584
341 795 1010
651 903 1118
604 678 800
303 840 1082
20 615 662
574 666 788
512 561 557
511 405 362
546 879 1067
473 681 788
718 741 854
502 597 644
203 399 395
450 384 368
691 621 668
675 504 548
46 723 863
382 897 1118
661 816 992
300 405 377
92 558 626
262 492 479
513 696 815
593 786 953
740 378 323
23 819 1037
207 390 338
38 579 593
438 912 1148
594 531 509
405 432 434
475 885 1070
5 693 776
705 894 1094
586 699 818
417 867 1076
448 870 1046
136 792 962
51 798 986
469 408 389
99 471 494
392 798 1016
411 381 344
133 756 875
37 759 908
24 555 638
302 618 701
365 852 1082
98 495 476
415 492 521
257 627 704
331 450 473
517 711 863
146 885 1106
111 693 809
466 561 587
437 759 923
752 609 677
701 825 968
656 435 407
676 414 359
551 735 902
50 654 737
235 624 689
110 786 971
639 753 917
757 537 551
291 702 815
652 651 788
103 906 1094
387 897 1136
172 771 947
560 726 884
474 789 989
578 891 1100
750 456 416
6 375 353
155 663 725
174 726 905
503 498 530
32 486 446
80 627 719
16 675 788
324 510 551
101 426 431
186 654 743
660 570 617
372 738 839
361 495 473
108 930 1142
244 741 914
358 852 1067
459 417 362
31 585 611
545 681 746
645 786 908
3 435 377
431 867 1109
43 10
15 332 344
8 154 209
18 257 289
20 307 337
9 247 330
3 373 203
35 321 324
5 326 201
13 147 153
37 370 239
23 165 232
29 308 321
21 250 334
40 333 346
38 220 315
19 174 197
4 182 246
25 142 160
34 330 329
27 396 210
7 185 223
10 302 325
1 238 353
32 405 152
22 251 283
17 405 193
36 367 223
33 331 357
2 303 313
31 142 182
39 418 156
30 243 197
24 268 264
26 197 252
42 208 309
43 277 204
28 331 343
41 181 209
14 229 335
6 410 178
12 388 200
11 397 175
16 238 326
719 40
253 134 278
559 260 86
402 142 189
553 144 329
313 345 345
203 110 257
102 218 81
141 119 312
526 371 166
679 246 290
4 102 375
186 347 177
160 258 68
10 267 116
702 276 366
367 139 78
474 394 116
433 277 166
327 386 246
476 115 245
131 62 202
469 173 218
482 78 358
639 236 177
88 152 408
122 393 148
142 106 305
129 184 132
413 374 168
242 269 396
561 238 304
159 398 264
637 97 132
645 296 396
696 314 393
568 354 219
515 198 79
270 300 189
423 63 389
454 107 198
271 282 123
202 324 113
317 78 368
709 408 188
58 66 228
300 201 264
390 233 362
504 110 124
712 382 225
212 128 248
384 127 360
554 346 240
90 64 234
661 208 134
105 236 101
169 210 280
636 149 135
255 90 156
524 168 203
260 436 68
115 339 172
188 170 72
551 352 143
333 363 244
708 265 158
682 334 99
705 188 150
293 417 376
435 373 107
417 175 206
461 259 360
528 220 80
297 114 278
295 119 195
464 304 378
37 257 331
32 144 303
303 328 85
666 363 117
586 307 190
196 229 140
356 233 81
611 99 208
377 264 72
198 223 177
429 181 268
231 433 412
321 293 156
326 406 372
440 66 88
199 427 356
380 426 389
7 435 301
678 128 358
445 427 232
486 440 241
91 253 165
592 344 317
348 427 110
519 304 360
190 68 254
257 342 381
133 235 332
408 167 171
130 206 92
634 66 402
692 386 100
364 189 176
677 94 80
194 150 140
24 387 210
421 326 376
648 238 392
276 266 216
123 138 103
522 326 396
381 333 244
652 363 298
147 345 136
685 118 308
369 241 208
437 142 118
184 221 260
363 326 228
191 116 294
65 210 64
439 406 178
138 75 380
182 402 217
602 85 172
47 177 120
490 362 192
40 259 106
359 186 176
446 216 281
362 322 338
618 408 367
629 420 105
570 63 204
414 378 352
347 278 393
529 211 379
480 176 345
680 72 338
325 298 336
68 149 184
287 238 79
479 245 392
72 342 96
389 370 156
189 64 243
77 86 406
307 353 81
456 226 335
601 79 163
258 257 409
627 358 60
286 347 222
623 346 180
157 181 300
100 60 135
544 388 127
60 208 280
148 219 272
328 214 109
214 234 213
485 308 268
195 231 352
215 212 230
368 309 162
450 93 84
534 208 356
322 188 220
162 101 185
517 101 84
463 340 87
104 222 244
488 438 76
26 98 320
659 90 392
616 233 360
94 219 368
512 112 373
641 255 340
314 105 213
545 139 167
243 390 61
302 246 338
496 60 152
245 254 409
670 313 109
606 325 349
557 431 79
11 362 376
502 270 265
719 241 399
108 374 209
565 118 256
596 221 326
177 67 97
75 118 216
442 432 254
22 384 134
667 342 370
409 395 119
493 155 310
174 87 389
532 323 124
605 361 415
406 102 200
310 165 329
503 441 98
342 157 242
574 282 228
360 186 368
396 414 334
109 432 108
274 425 160
548 110 185
246 314 410
67 121 254
550 350 315
536 426 95
294 382 349
17 423 71
127 140 87
224 230 317
87 230 397
111 226 61
672 334 287
338 208 397
200 294 306
332 439 236
566 292 413
273 272 308
197 197 236
219 390 214
549 392 228
371 328 62
642 361 283
706 190 59
331 290 403
46 250 272
547 327 395
119 428 171
289 125 336
591 165 238
93 156 56
170 186 292
99 153 200
143 303 224
57 282 244
51 303 232
52 198 404
334 214 381
365 133 364
192 373 125
41 83 91
489 167 339
149 170 283
671 373 309
577 75 238
252 410 68
398 422 344
15 209 396
484 306 389
175 334 228
498 223 320
283 137 60
319 240 157
716 90 67
316 306 255
53 104 196
5 130 125
236 92 104
689 209 330
103 258 276
292 93 324
416 150 151
495 86 284
185 70 398
626 95 123
711 146 329
336 296 346
691 235 401
259 326 242
209 398 339
43 368 211
315 60 159
134 350 311
510 236 363
664 366 341
453 185 63
576 236 85
432 100 159
281 314 133
305 205 399
580 183 289
509 245 345
85 320 413
378 374 175
644 194 323
301 327 58
604 392 380
225 425 406
352 346 409
232 141 232
136 230 103
126 326 323
373 423 369
394 233 410
264 58 63
304 413 68
163 332 204
603 255 189
70 344 63
251 324 358
178 225 283
187 411 142
506 141 408
558 291 198
345 330 358
45 356 414
426 86 249
392 214 139
608 366 416
230 323 128
382 189 340
582 390 111
607 262 211
228 400 371
449 268 212
386 235 104
507 408 190
441 390 312
395 286 372
82 130 223
419 275 319
443 92 159
118 91 373
152 110 285
643 200 77
492 229 346
125 150 173
324 299 280
523 190 411
229 431 231
150 389 68
494 214 404
14 318 61
455 106 207
541 358 256
350 413 137
288 273 389
279 387 356
254 298 378
237 170 176
599 116 288
683 66 352
234 266 287
20 141 328
296 183 73
703 247 344
717 286 149
275 342 79
625 246 325
472 271 59
263 415 137
23 426 320
266 175 156
538 403 128
673 384 68
399 199 366
299 171 260
361 225 288
144 150 213
505 139 231
622 268 194
556 204 88
585 308 296
587 79 295
375 379 312
420 221 148
573 427 414
66 393 212
25 129 82
290 78 412
277 392 263
235 154 410
527 162 273
346 82 67
397 205 282
501 269 416
155 319 264
120 218 413
284 87 252
226 120 316
467 117 312
595 122 362
415 313 195
497 372 60
444 214 310
280 213 105
146 206 353
662 277 290
265 411 232
713 108 155
370 391 311
707 128 231
593 78 256
98 390 356
101 223 83
633 311 94
569 215 261
179 290 135
79 118 154
540 125 78
391 198 322
18 292 237
535 110 391
430 441 215
701 121 176
379 346 353
468 396 298
407 310 384
227 323 142
385 278 171
518 149 129
12 239 176
620 62 115
669 218 195
533 426 167
511 215 219
483 304 93
695 293 96
44 219 64
9 342 284
412 316 197
201 353 173
107 108 364
537 294 76
457 142 135
560 399 56
715 254 388
54 351 130
213 371 396
400 438 341
39 101 220
216 253 272
318 358 393
140 279 239
250 270 388
73 420 312
631 427 117
80 80 195
584 257 69
478 243 310
403 334 270
16 386 120
222 100 177
427 106 302
635 259 76
248 68 357
612 109 152
168 130 257
50 154 232
387 357 154
555 207 226
84 115 130
74 403 84
238 272 173
649 442 88
688 342 164
374 243 276
681 188 201
181 434 373
21 315 290
531 410 188
340 234 116
351 428 415
465 358 184
172 179 380
674 383 222
335 165 80
693 167 191
572 248 399
298 182 393
579 297 240
393 315 326
654 430 348
339 266 56
204 260 327
473 133 148
530 234 265
383 289 156
514 329 183
132 270 361
471 243 313
173 408 116
323 405 296
207 427 62
121 73 194
210 423 156
470 129 76
211 326 364
521 435 124
96 143 244
525 357 176
268 318 131
477 139 401
665 66 188
262 396 354
366 134 172
422 288 320
48 222 227
598 146 76
448 388 334
499 333 384
128 339 160
650 108 109
114 130 216
594 90 191
404 74 219
686 395 252
372 263 348
353 324 303
164 335 415
81 90 108
28 135 286
256 153 253
500 384 340
344 134 153
539 408 204
217 255 215
320 400 90
640 186 313
83 282 232
63 238 234
466 307 356
355 110 86
97 102 300
89 190 172
668 102 336
135 139 337
55 110 311
700 383 168
240 408 335
597 388 248
487 282 350
261 378 388
78 310 164
428 147 281
410 434 406
35 167 253
567 239 228
609 426 383
436 216 156
61 141 368
76 195 180
71 226 130
405 366 69
562 422 374
239 222 274
411 322 95
676 397 224
206 297 274
460 402 107
153 221 237
447 137 76
309 143 126
354 163 184
613 278 231
341 326 244
220 178 312
112 383 228
588 281 270
29 237 177
628 78 73
491 319 112
658 219 308
59 429 77
590 283 316
308 297 371
218 359 284
401 364 199
92 404 400
690 95 166
86 414 223
431 107 348
343 59 252
424 269 185
520 314 207
697 417 69
291 318 132
154 91 288
31 119 176
145 65 170
8 209 218
630 70 345
710 259 305
647 251 391
311 93 364
684 420 327
698 121 381
459 222 413
660 413 200
617 123 357
425 280 337
621 398 192
458 167 400
2 58 165
208 138 336
434 253 87
62 442 137
1 264 79
176 91 376
578 103 294
718 68 200
481 187 193
106 233 260
117 245 203
704 70 184
330 97 412
27 362 90
165 213 368
508 246 342
69 79 148
180 315 356
418 420 231
475 153 344
451 242 372
543 286 71
438 84 88
124 371 187
267 304 376
110 431 224
42 420 384
651 93 322
656 285 207
221 302 233
349 301 170
655 101 376
161 230 181
337 174 322
513 410 280
600 179 144
247 227 244
38 227 396
516 354 387
19 384 392
376 414 133
167 61 364
156 204 352
653 101 221
13 192 277
3 121 126
589 387 372
687 173 100
610 298 410
282 323 360
624 322 353
452 240 100
614 138 272
183 340 205
542 312 136
583 396 156
139 294 276
563 244 414
714 274 106
6 248 352
30 283 331
546 152 409
571 430 218
581 223 304
193 401 76
675 70 92
56 138 76
278 304 249
694 205 208
657 161 58
166 436 332
329 58 308
269 294 115
575 252 58
552 378 402
646 181 244
64 197 212
95 225 286
171 115 218
113 247 207
306 218 191
36 381 328
285 325 96
312 295 263
116 201 349
223 350 296
619 217 140
205 141 149
272 62 247
462 199 84
233 296 332
663 368 311
241 431 135
158 342 206
358 422 381
699 186 363
249 175 292
615 337 298
244 223 339
564 136 146
34 81 312
49 351 318
388 83 216
357 170 162
638 58 361
632 410 170
137 202 371
151 241 196
33 380 183
