3
34 0
19 95 180
1 109 122
12 99 180
29 93 180
26 75 100
34 95 100
16 109 170
22 121 180
6 67 100
25 105 100
3 105 106
23 123 100
21 123 180
9 89 180
10 107 180
15 105 172
4 105 104
24 79 100
32 107 100
7 109 160
33 143 180
11 99 100
8 139 180
17 109 138
31 93 100
2 139 100
13 105 162
5 109 180
18 107 116
20 101 100
30 135 100
28 85 180
14 97 180
27 109 168
39 20
37 146 141
35 181 213
13 131 115
31 250 292
38 259 307
18 150 170
32 257 301
2 239 283
7 156 132
3 234 304
28 121 123
20 261 296
30 158 142
34 167 148
23 251 327
9 237 249
24 184 217
19 133 123
36 184 223
11 205 215
26 257 342
1 107 101
16 166 160
21 159 167
5 119 114
14 247 267
12 161 190
6 200 217
27 258 297
25 232 281
4 190 181
10 167 191
29 191 200
15 174 177
17 192 215
33 222 237
39 265 298
8 163 174
22 295 360
90 10
81 198 167
23 218 124
40 266 198
8 281 187
66 220 239
24 157 202
3 185 212
25 202 137
85 275 220
1 409 130
68 132 202
48 231 215
7 277 185
72 202 181
22 157 190
60 221 225
56 403 281
61 190 288
64 409 259
88 254 204
84 257 196
11 197 252
58 119 195
41 406 288
47 168 207
44 412 146
34 117 213
59 201 150
55 129 207
38 398 241
17 285 214
10 266 202
35 197 135
57 200 251
51 115 201
74 131 206
62 203 183
36 403 127
67 192 223
33 411 271
42 200 104
13 197 146
46 174 204
50 237 218
31 222 272
71 200 293
65 123 208
53 204 149
49 196 186
63 280 209
78 126 189
30 252 213
90 275 209
76 194 190
16 206 210
83 289 217
27 241 209
18 217 261
86 298 216
79 206 224
73 219 263
37 204 112
70 216 230
43 200 192
69 194 200
14 208 149
80 236 185
26 201 251
87 215 229
45 187 219
89 191 287
20 118 215
52 201 272
32 183 147
9 197 125
77 193 186
15 210 209
29 186 243
4 220 211
28 216 297
19 406 206
75 205 286
54 208 153
39 110 190
5 299 190
82 279 188
2 392 217
21 253 200
6 206 226
12 180 181
