4
13 0
3 107 53
10 87 33
1 107 93
7 47 33
12 67 93
9 47 113
4 67 53
11 87 73
5 127 113
2 127 33
8 47 73
13 87 113
6 127 73
42 10
36 80 192
1 269 199
12 187 37
29 242 165
37 260 137
34 241 185
16 273 86
22 72 136
6 184 48
25 162 46
42 118 35
40 135 32
21 124 40
9 236 196
10 160 39
15 63 36
4 256 206
24 83 44
32 56 32
39 79 193
33 121 40
11 240 183
8 48 197
17 48 196
31 247 176
2 100 193
13 243 163
5 252 200
18 254 123
20 103 203
41 168 208
28 87 203
14 210 204
27 188 202
35 56 41
19 230 40
26 118 201
38 271 56
7 244 43
23 212 195
30 82 33
3 64 96
33 8
10 188 222
15 192 40
1 162 161
32 127 123
8 249 142
24 212 187
28 255 125
27 277 113
22 148 134
14 207 194
33 240 171
18 256 151
13 284 107
9 181 193
7 232 187
11 264 135
31 270 125
30 176 193
17 196 206
21 271 123
25 212 219
6 157 144
29 273 127
5 179 196
19 147 143
16 166 178
26 169 158
2 242 149
23 140 144
3 266 126
20 230 190
4 205 209
12 196 214
7 0
7 73 55
1 40 55
3 62 99
2 51 55
6 62 55
4 84 55
5 62 77
