4
12 1
6 9100 100
4 110 9100
9 9100 105
3 100 100
10 105 100
12 100 9090
8 100 9100
2 9090 100
1 9100 9100
7 9100 9099
11 100 105
5 9099 9100
3 0
1 45 87
2 230 30
3 11 21
11 5
2 311 431
4 341 431
11 371 401
1 311 371
7 341 371
10 371 371
9 341 311
3 311 341
6 311 311
5 371 431
8 371 311
34 10
30 36 199
16 47 142
10 120 37
31 46 139
34 142 192
32 106 204
6 128 203
3 32 163
27 75 197
20 35 122
26 35 56
1 43 115
28 33 62
4 77 33
13 40 168
2 157 208
25 38 62
19 124 40
11 80 40
18 96 32
29 136 202
21 125 36
24 38 185
12 36 182
15 35 88
23 42 177
33 47 88
14 78 193
17 34 162
8 36 196
22 108 35
5 35 131
9 41 161
7 33 164
