3
167 3
46 227 3950
141 242 3745
105 257 3940
66 397 3750
19 337 3760
28 347 3830
47 317 3920
115 332 3805
114 392 3745
121 322 3955
13 312 3860
94 297 3955
54 362 3770
120 362 3760
111 347 3730
135 412 3735
155 372 3755
101 342 3755
125 317 3950
3 317 3805
107 307 3755
143 422 3735
163 337 3920
48 347 3815
164 377 3740
68 357 3955
92 312 3950
8 302 3740
1 342 3800
30 317 3945
139 307 3910
83 337 3890
100 317 3770
156 427 3730
112 322 3855
128 297 3745
154 377 3960
22 362 3945
160 277 3765
12 347 3925
126 382 3770
7 247 3740
109 327 3885
34 302 3735
21 362 3950
10 312 3845
32 307 3915
5 342 3770
161 252 3770
124 252 3960
99 292 3740
29 317 3940
145 317 3815
52 342 3750
97 422 3950
79 232 3770
140 337 3955
119 427 3735
150 252 3765
60 372 3955
81 332 3865
85 237 3765
53 412 3955
26 317 3785
25 287 3765
133 252 3940
89 357 3750
142 317 3780
74 302 3940
127 377 3945
166 342 3885
108 312 3755
110 337 3795
93 357 3770
33 327 3870
69 342 3775
117 267 3750
11 402 3740
20 292 3955
57 292 3755
31 327 3905
56 347 3770
37 337 3815
123 322 3905
42 397 3730
91 367 3730
61 417 3750
65 417 3945
88 322 3810
18 322 3910
72 322 3945
15 417 3730
16 377 3735
95 417 3765
77 397 3735
136 342 3735
113 342 3790
39 252 3745
49 322 3815
23 332 3880
14 342 3960
82 312 3910
80 407 3950
137 347 3950
9 307 3750
152 387 3760
27 342 3855
76 257 3950
59 347 3845
17 382 3735
103 362 3765
106 297 3730
138 317 3760
130 382 3945
4 337 3930
129 427 3765
86 312 3930
151 427 3750
147 327 3735
159 312 3805
131 402 3745
70 367 3735
24 352 3950
75 337 3765
73 327 3750
118 322 3750
35 342 3765
43 332 3845
62 332 3900
40 342 3940
2 342 3955
58 327 3950
102 252 3950
44 317 3930
64 427 3950
122 312 3925
63 227 3770
134 327 3910
104 242 3755
36 367 3770
45 307 3770
116 232 3955
165 322 3925
153 307 3765
84 302 3750
6 377 3765
50 387 3955
96 312 3855
71 322 3900
157 312 3865
146 327 3765
158 332 3870
162 387 3745
78 322 3835
167 332 3920
149 242 3950
55 347 3935
67 312 3875
38 252 3740
87 262 3730
132 392 3770
51 277 3940
144 327 3755
98 427 3770
41 307 3815
90 407 3770
148 372 3735
425 3
242 750 424
311 666 1026
60 284 1094
305 762 900
145 804 232
351 172 288
107 382 628
348 796 290
386 686 338
312 678 360
36 546 422
198 328 380
187 854 570
32 830 458
53 780 436
156 730 636
13 642 480
417 604 1212
317 710 448
40 760 338
125 224 236
80 570 456
158 786 828
151 792 310
129 404 1184
260 518 1038
321 692 898
403 484 526
194 694 1098
411 146 492
249 586 1150
394 568 1190
130 756 834
48 570 1116
214 532 444
315 736 424
274 122 758
64 264 426
267 412 524
342 242 650
108 622 544
419 496 434
88 566 374
31 306 314
402 750 844
379 752 984
14 286 470
396 400 580
281 646 1224
399 468 636
327 188 458
303 338 526
134 346 980
322 836 388
283 572 1216
243 778 872
43 438 580
47 266 692
165 694 1096
293 428 490
375 816 390
236 554 1222
78 320 580
63 428 1220
84 784 532
302 754 926
21 336 1092
28 292 1058
390 180 794
95 768 652
254 412 570
205 440 510
286 398 592
408 258 580
410 638 574
309 294 1092
323 594 502
119 148 800
67 224 302
137 198 798
117 468 432
385 608 542
288 782 204
68 450 986
34 768 308
16 674 514
352 372 1134
406 282 674
391 248 200
362 628 1080
140 652 1190
191 150 770
349 176 232
365 314 452
287 368 1040
363 706 944
300 134 694
233 320 1022
332 408 1200
389 812 610
412 652 482
264 440 1214
228 296 280
350 282 566
178 436 1208
59 474 654
209 330 1000
256 466 636
208 390 1168
51 646 1172
184 642 624
423 724 848
239 278 490
157 202 588
12 872 428
166 502 840
268 348 1234
11 610 1136
163 732 492
136 318 1124
297 192 356
409 800 294
213 718 922
223 232 358
169 746 278
306 692 944
177 160 676
313 488 1016
27 612 536
38 170 602
334 522 1056
123 484 1026
4 706 436
219 678 500
9 236 246
39 166 204
422 202 468
25 782 434
341 588 530
54 464 1010
76 272 752
418 192 474
326 342 642
150 310 362
173 714 976
110 208 876
180 254 768
397 768 388
1 284 482
224 780 374
133 444 1202
42 530 992
49 466 1112
324 488 1096
270 180 278
218 738 444
189 168 404
339 280 864
154 374 1106
182 626 1220
291 844 794
200 820 818
257 428 1126
127 136 192
160 196 636
170 308 922
57 640 570
83 196 402
50 560 1080
99 636 1066
235 834 358
347 256 442
195 754 436
10 526 492
285 636 444
345 202 934
255 416 1146
310 832 424
41 244 372
217 594 598
401 854 768
85 434 628
175 564 1092
259 526 1094
215 836 242
61 438 1076
241 510 484
240 830 800
152 700 458
359 566 564
364 272 400
33 722 244
122 448 588
316 854 476
71 694 538
337 136 438
232 452 500
338 230 382
192 598 1136
197 188 354
7 396 522
238 734 396
199 174 826
174 754 288
55 424 1170
6 278 536
237 760 510
142 502 1108
222 398 526
221 284 432
144 640 1148
320 730 770
93 336 996
52 482 1034
299 212 498
188 496 1116
387 260 204
248 510 504
58 760 244
193 702 336
147 592 494
357 754 884
373 128 762
35 580 586
138 862 750
424 180 246
405 526 466
96 758 310
279 364 1174
370 382 1150
295 294 1054
104 580 468
298 556 556
179 558 600
216 262 980
251 680 332
277 634 1146
275 502 472
181 470 1076
162 796 320
15 288 1072
377 868 692
66 240 574
112 494 410
296 302 1004
75 428 1204
292 630 454
5 878 522
212 634 1070
30 188 406
335 270 916
301 276 1090
86 182 806
343 758 694
336 218 834
204 502 40
367 810 528
371 370 424
159 730 388
294 440 602
46 800 846
231 638 544
361 280 600
132 756 436
126 456 1064
79 692 900
280 142 200
246 732 418
415 174 416
269 518 1060
116 778 528
131 226 352
263 232 260
225 720 432
318 640 1088
135 258 204
407 266 314
128 704 1018
252 580 630
360 194 816
284 546 642
265 662 492
211 842 826
346 180 228
276 774 544
369 792 558
234 510 1050
304 360 1190
190 138 448
381 458 1096
380 272 526
207 854 686
196 730 1014
186 444 460
374 170 248
328 134 742
356 322 406
70 862 662
262 604 1152
106 306 1070
227 370 612
105 338 534
92 168 734
354 864 176
278 356 1068
120 650 482
201 812 390
69 174 234
331 628 1196
183 760 292
153 410 1134
289 582 1072
253 580 512
62 560 560
271 188 664
388 838 850
353 822 690
89 784 242
366 666 408
121 408 1164
319 340 548
210 426 454
378 380 1190
307 282 244
115 364 1220
308 728 660
398 630 570
167 206 350
185 170 786
414 324 990
420 762 240
82 366 504
400 676 430
2 266 710
109 630 484
74 446 592
206 860 378
141 142 688
65 554 506
290 882 782
29 292 290
404 740 1018
97 712 1058
172 794 202
344 278 450
77 258 258
111 190 838
314 830 744
358 624 1094
98 684 496
81 498 1058
164 172 202
382 272 410
413 214 294
176 162 848
146 166 814
22 688 408
45 342 554
3 872 458
372 832 210
44 566 602
91 370 1096
113 408 1142
26 122 408
155 196 328
103 720 1068
161 316 532
148 514 424
416 634 1170
368 572 1086
23 828 862
273 546 1154
229 620 1126
282 572 486
329 620 1224
102 520 1052
124 722 510
250 178 268
56 682 1156
20 866 236
395 332 526
383 370 1170
330 310 432
118 726 480
230 674 554
333 408 540
24 402 1130
393 170 264
17 650 1084
220 380 542
87 252 430
19 672 1092
18 186 878
149 718 1002
203 742 330
226 592 1202
139 486 528
73 880 714
258 530 424
94 200 866
272 284 988
325 806 418
168 560 466
245 876 404
114 876 234
392 760 312
247 610 552
101 700 410
266 182 354
425 262 518
202 324 980
384 192 214
261 876 476
37 664 1134
72 420 1204
244 710 262
340 270 478
421 512 1058
90 168 792
376 530 1020
171 280 298
100 496 478
8 868 540
143 644 558
355 200 738
157 8
72 180 97
24 219 156
3 182 162
17 71 101
2 199 137
100 199 171
45 189 157
113 143 71
92 50 132
83 71 158
155 108 125
32 119 185
43 106 141
101 143 94
30 122 97
4 121 167
127 83 137
11 116 170
42 193 123
131 68 122
33 235 192
142 58 149
87 179 170
40 84 106
147 133 188
124 137 103
115 169 148
122 246 128
133 160 165
152 229 163
105 50 151
73 123 92
1 244 190
56 56 167
70 46 146
44 65 94
9 98 127
75 227 167
34 45 110
7 159 156
66 247 130
6 82 117
110 116 138
98 43 139
138 107 74
19 56 108
21 46 184
128 216 180
103 155 219
59 204 101
18 86 80
84 91 85
63 67 123
95 47 175
134 170 161
114 227 80
29 229 150
132 48 119
154 217 174
65 139 198
81 84 182
35 179 147
144 218 82
108 161 100
22 180 185
151 248 89
13 72 190
106 175 84
74 130 169
112 152 180
67 44 199
139 219 90
68 111 215
52 172 204
57 182 110
5 229 130
76 222 95
91 165 197
23 246 112
61 250 140
36 218 206
123 163 110
53 71 122
96 74 128
71 186 72
60 149 200
157 129 212
82 196 117
145 219 190
120 196 156
38 227 173
47 75 125
69 120 70
15 96 153
86 216 85
156 252 101
143 241 85
141 83 120
80 93 115
125 144 187
117 98 103
137 144 134
135 78 108
148 131 123
27 235 120
55 158 130
46 166 165
146 242 146
93 185 103
90 132 220
10 213 134
102 160 80
8 208 129
54 85 105
51 72 197
25 148 123
150 138 186
16 179 181
99 186 104
104 212 73
94 132 218
78 68 142
58 218 213
118 70 175
20 139 156
37 129 182
107 250 198
85 184 194
48 247 101
116 89 212
79 80 185
111 214 144
149 108 108
62 132 91
14 200 172
77 83 87
140 222 155
126 252 79
39 113 91
136 186 81
109 124 188
88 116 207
28 108 169
64 59 178
89 94 123
121 74 126
49 225 169
26 188 119
12 215 93
50 126 195
153 251 220
41 133 193
97 224 78
31 139 118
129 69 80
130 226 185
119 163 152
