3
908 50
429 576 395
324 678 235
446 661 454
728 718 238
490 502 550
94 651 232
741 720 409
267 512 518
702 699 236
635 518 510
487 741 465
216 624 475
436 769 275
391 597 232
70 609 225
106 718 358
838 640 488
224 582 233
330 795 232
744 497 571
313 702 225
289 765 537
294 619 232
644 712 238
808 600 288
368 659 456
410 641 238
67 773 564
228 494 566
813 776 262
362 637 496
347 550 355
822 496 574
298 565 377
698 560 273
727 710 156
647 534 329
81 600 195
576 680 187
681 723 420
155 629 224
117 595 281
817 648 238
220 761 288
855 547 408
299 747 236
656 761 228
405 557 390
74 739 230
55 504 236
573 771 272
380 744 227
283 632 232
275 605 235
125 515 505
311 685 414
709 701 166
422 595 190
314 635 366
539 493 259
614 606 225
827 683 235
566 733 444
492 699 238
715 741 318
395 728 422
371 717 400
115 606 233
331 792 238
305 702 387
781 558 225
902 745 313
578 501 238
617 590 422
664 741 321
46 534 454
93 593 284
455 517 507
266 789 609
423 750 305
217 782 585
64 574 169
863 654 465
601 624 225
745 537 436
590 793 235
316 758 512
658 761 529
751 702 382
460 528 470
61 611 232
620 773 232
839 617 233
820 758 528
428 681 236
628 782 584
493 749 499
177 571 388
292 592 233
506 603 233
385 486 603
77 792 619
234 585 412
370 525 312
591 689 236
232 592 284
417 589 184
891 601 196
401 781 585
58 574 393
663 533 460
374 640 489
393 717 396
293 726 428
495 611 206
795 515 236
486 544 345
733 577 236
1 582 177
451 513 524
333 651 238
53 555 400
763 525 483
563 789 604
642 542 272
273 584 281
651 669 288
871 757 294
830 761 521
43 625 236
687 752 227
233 689 280
88 691 230
149 584 408
123 525 233
890 507 227
274 784 251
541 529 321
136 528 480
301 600 436
344 664 203
114 592 235
321 582 235
879 702 235
572 737 232
649 755 225
195 571 280
538 558 368
600 608 228
758 587 236
552 790 230
369 477 228
253 681 227
536 720 235
8 657 457
353 739 228
515 761 225
161 637 494
203 729 339
50 665 448
734 557 366
659 488 595
44 753 500
284 518 500
397 641 225
742 605 228
707 536 441
507 760 521
773 757 512
596 598 236
716 606 446
589 685 182
550 710 374
146 497 569
689 488 254
83 753 300
829 579 281
675 481 225
896 750 232
892 654 462
906 776 568
272 758 520
214 518 504
445 544 347
565 606 449
66 763 236
454 656 225
59 521 308
18 520 225
389 697 171
782 661 236
881 501 555
416 521 307
33 529 318
278 494 579
804 561 276
905 691 176
750 549 236
441 742 318
531 637 232
510 550 411
661 502 276
772 704 232
805 785 232
568 755 510
498 505 537
297 750 494
485 614 460
398 750 489
20 640 340
236 715 361
246 653 228
736 510 520
212 625 228
192 549 227
678 529 475
722 491 590
176 592 422
908 635 492
227 721 352
11 513 235
880 552 393
522 776 579
431 609 238
780 653 467
164 744 313
345 717 275
111 627 235
346 749 307
725 734 444
28 790 225
637 603 440
557 777 230
388 789 228
535 614 233
516 533 456
256 747 310
366 670 438
638 533 236
376 488 596
471 619 214
193 496 227
549 637 364
553 590 185
418 590 420
185 637 352
677 678 232
133 760 238
587 656 227
349 598 238
338 720 236
464 613 208
400 502 227
579 790 617
778 547 232
411 677 232
197 669 200
291 633 363
243 585 230
107 744 316
132 501 235
350 664 449
784 646 230
459 534 448
883 614 232
270 710 369
384 537 235
302 795 627
315 513 294
178 496 236
761 737 456
789 595 283
372 489 256
895 480 238
27 776 235
355 774 267
542 494 260
84 653 233
226 736 232
379 726 344
543 707 376
45 672 236
87 755 297
461 499 568
633 576 276
163 512 520
12 486 601
520 582 236
694 797 236
124 787 225
407 637 332
847 592 187
894 512 232
588 664 448
756 561 232
668 534 331
219 593 427
803 561 156
145 755 513
41 657 227
769 485 249
755 742 316
2 646 220
336 633 336
443 696 396
523 552 235
91 494 582
501 550 238
406 661 206
623 525 313
296 701 388
631 544 433
122 541 432
564 733 268
828 672 195
322 600 438
181 693 230
229 670 286
65 560 278
360 673 433
812 669 225
208 480 616
901 520 235
469 513 516
597 501 225
188 637 230
788 667 225
390 510 228
777 729 435
799 777 576
771 707 160
194 720 400
719 737 462
599 493 233
79 488 585
718 771 268
853 696 278
439 729 273
144 675 238
802 709 158
252 720 275
187 726 424
630 793 624
837 571 236
870 565 238
30 645 230
7 640 361
793 483 243
247 777 259
15 582 409
765 701 227
660 541 273
776 789 227
424 501 275
143 654 227
307 541 227
786 520 496
671 712 155
377 633 374
40 537 334
818 686 180
121 614 459
367 526 228
619 752 305
669 707 276
76 597 227
328 776 572
634 694 238
767 723 422
798 667 230
48 790 232
831 718 272
13 683 225
775 681 185
142 592 425
621 758 526
222 720 404
823 536 228
96 536 457
170 507 531
257 494 262
791 760 523
116 771 563
684 504 228
447 669 438
180 571 232
202 677 236
262 616 235
627 761 284
165 736 328
100 653 236
537 633 345
704 641 483
29 555 228
714 648 225
49 795 227
239 624 219
833 729 340
281 518 230
337 717 392
326 590 225
134 755 505
800 678 188
708 654 235
414 638 374
759 502 558
237 510 531
140 592 424
561 645 222
703 777 235
581 649 470
897 587 417
676 619 470
697 723 412
790 638 369
696 681 187
57 549 352
754 785 603
618 499 563
69 585 180
147 590 281
525 545 424
394 571 235
271 494 264
740 553 238
150 614 235
248 677 190
25 518 505
200 765 235
361 486 249
62 793 233
22 750 227
732 669 284
646 726 272
269 792 236
375 785 246
547 587 416
268 590 233
287 777 260
435 622 473
466 584 409
548 504 548
825 654 214
757 757 513
622 707 230
173 782 227
104 616 460
238 693 232
809 717 150
210 766 230
569 797 238
556 705 380
365 694 172
657 598 288
700 576 396
824 654 238
80 525 475
521 723 235
904 699 168
457 667 228
191 635 368
308 691 235
279 544 230
95 541 340
900 491 259
340 550 408
98 569 164
484 585 235
513 518 302
168 621 216
899 523 492
690 693 283
426 518 502
352 739 235
453 742 468
179 633 225
842 635 230
826 726 345
652 672 225
213 654 230
343 515 512
717 605 200
699 523 233
38 665 446
885 654 225
774 680 225
152 721 273
528 709 374
280 793 228
682 688 411
544 525 236
768 747 492
562 485 601
907 769 550
560 649 472
130 633 340
265 579 238
118 790 622
154 496 264
205 729 272
779 656 460
611 621 236
743 795 233
260 725 419
167 739 238
306 704 227
844 590 238
840 736 460
540 728 272
760 773 233
545 667 236
821 510 289
128 542 342
382 536 331
264 635 353
766 515 515
605 696 227
693 555 363
713 752 500
24 614 230
864 720 238
483 517 236
204 550 356
629 797 627
420 632 491
171 749 491
792 529 464
254 793 230
255 683 284
645 499 560
16 715 152
470 789 240
250 689 403
358 678 424
815 739 321
496 725 238
381 617 465
442 728 435
259 574 281
312 488 600
502 557 238
835 549 270
567 779 588
9 787 611
592 504 550
692 763 284
215 534 456
90 691 404
862 480 240
78 656 462
720 681 416
878 709 372
854 718 236
865 483 608
673 633 238
151 768 553
680 520 499
427 779 579
396 712 275
467 790 241
434 774 574
582 646 233
19 512 529
797 520 238
113 713 390
92 789 616
877 486 590
318 627 232
602 755 507
317 669 440
512 787 603
196 481 240
794 785 249
509 704 384
245 638 360
624 563 227
175 603 236
752 766 548
810 757 236
796 793 625
706 520 502
850 677 235
665 601 225
432 771 273
465 488 249
530 541 436
500 736 459
888 640 233
747 683 283
533 683 185
608 790 240
101 590 283
653 547 424
52 481 243
421 787 241
458 547 350
402 531 467
103 777 571
373 587 280
893 605 238
31 648 220
648 608 230
425 737 465
332 529 472
616 781 256
489 694 281
404 518 496
861 613 460
674 635 363
230 600 435
726 648 476
679 699 235
158 553 392
399 653 465
73 643 224
570 685 233
235 686 232
701 763 227
526 749 308
341 488 233
476 493 580
156 494 580
141 515 238
383 584 411
571 653 468
102 681 283
14 486 228
359 489 225
612 533 227
688 731 228
686 557 368
655 637 329
609 686 235
872 517 499
433 776 571
711 712 273
223 477 628
731 509 284
488 617 227
172 581 408
119 741 470
126 672 284
323 701 168
21 557 235
448 667 232
35 513 508
334 717 395
869 712 230
748 782 596
503 550 270
412 739 464
846 734 331
607 768 548
613 750 492
577 733 336
261 721 236
886 550 233
636 555 236
860 571 390
17 694 227
841 579 278
356 766 232
816 555 225
86 609 452
801 689 225
310 712 156
494 781 254
462 784 249
867 558 153
99 510 529
654 550 225
357 771 555
327 729 432
339 494 571
110 651 216
868 574 280
6 502 542
450 526 232
845 534 328
518 513 510
409 534 452
139 697 169
508 720 230
606 705 278
583 758 292
415 493 262
670 725 273
138 637 228
26 653 216
408 649 238
517 782 592
873 560 275
75 637 361
276 475 630
184 672 435
889 769 230
319 510 232
481 709 376
211 718 228
730 737 227
258 536 232
499 678 425
386 512 523
162 622 235
585 785 598
632 595 238
241 501 558
39 729 228
263 785 244
468 638 225
329 566 382
598 649 227
559 523 312
641 680 235
42 565 228
832 656 236
251 686 284
32 550 353
783 561 278
504 601 286
511 517 513
186 678 281
472 741 323
874 771 270
836 784 604
153 795 625
546 766 276
120 523 484
109 637 340
574 622 217
683 555 230
392 483 232
705 766 544
672 753 505
127 576 171
856 781 257
858 536 449
112 755 230
691 744 478
834 731 268
463 520 305
218 656 228
148 624 233
206 760 528
615 683 233
277 705 227
785 689 278
884 776 260
135 705 232
240 587 182
249 497 225
527 536 446
640 771 561
558 734 332
667 541 430
721 723 417
532 557 152
875 742 238
89 581 404
105 769 556
47 609 236
364 491 256
473 520 304
903 765 284
444 721 404
710 526 315
491 633 347
753 504 545
474 525 484
643 624 478
712 529 460
529 771 233
320 717 227
770 741 460
626 616 211
387 501 560
300 790 616
23 549 409
166 491 584
131 483 225
108 696 238
584 585 283
137 485 611
610 552 356
594 696 393
746 573 390
309 712 235
478 648 472
182 761 238
63 555 392
430 761 536
290 497 268
695 581 176
351 713 364
849 752 225
198 699 388
807 734 228
477 769 227
34 766 278
97 677 284
71 512 516
666 777 238
225 673 230
452 662 204
221 549 350
866 686 411
519 781 587
723 544 430
456 497 230
735 752 230
282 760 288
190 680 228
575 512 289
419 609 454
4 555 361
762 633 227
551 787 614
82 721 403
554 733 334
199 576 280
764 577 172
505 729 337
859 737 324
231 782 593
749 702 232
497 539 444
413 529 225
603 505 238
60 712 369
887 568 385
586 713 366
819 736 452
403 677 428
348 493 260
51 499 272
724 515 513
848 789 608
729 632 488
898 614 236
534 761 528
662 533 459
739 648 219
475 525 238
378 584 227
604 621 470
449 686 233
68 483 609
851 531 324
852 643 480
304 782 600
207 489 233
342 739 324
286 662 206
555 505 542
54 609 204
524 744 476
242 501 556
244 723 350
85 606 238
295 617 236
183 645 476
814 784 595
325 696 171
303 677 230
437 753 238
201 664 225
72 774 232
685 717 235
37 675 232
157 744 318
882 595 230
650 579 403
625 670 238
363 761 531
169 795 630
857 739 456
288 619 225
209 619 468
843 625 480
189 614 225
595 742 320
36 753 230
174 584 228
876 633 329
479 566 278
482 494 235
5 664 446
593 509 536
440 497 270
354 595 428
806 611 454
285 489 232
811 662 452
159 760 526
129 667 201
56 494 576
514 659 454
738 563 158
10 673 193
480 565 160
335 565 227
787 766 228
438 697 393
639 744 480
160 797 225
3 553 361
580 686 409
737 731 232
779 0
486 5505 2005
111 5384 1631
563 5406 1697
135 6264 1598
233 6286 1994
3 2898 1620
322 2876 1642
126 1831 1598
65 6330 2027
431 1226 1389
479 3976 1950
242 4867 1356
499 5956 1543
157 3437 1422
759 2887 1191
235 1248 1334
183 6220 1576
244 3976 1818
212 4405 1411
123 6308 1862
329 1446 1510
447 1237 1158
636 5714 1510
154 2898 1796
510 1787 1246
106 3063 1455
194 6275 1697
749 1402 1422
741 6000 1235
602 4482 1631
622 6264 1752
131 4328 1565
319 2887 2016
324 5384 1950
629 1380 1400
308 1985 2027
195 4636 1367
631 5703 1180
397 5725 2016
699 3184 1719
453 2887 1829
321 1776 1323
424 3514 2038
485 5780 1158
668 5934 1268
557 2095 1158
312 6297 1279
23 6286 1675
332 4878 1147
762 5505 1180
274 2029 1158
514 3998 1499
434 5384 1697
646 2898 1851
730 5626 1598
474 5780 1345
655 5472 1147
214 5450 1631
661 5692 1554
775 2227 1994
218 6143 1620
502 6308 1642
770 3019 1378
6 3998 1147
15 5461 1598
97 5681 1565
448 5736 1158
395 4636 1378
282 5670 1609
144 2986 1323
103 5439 1774
521 3162 1741
234 5747 2038
268 1787 1950
37 5780 1565
627 3998 1268
358 5780 1411
747 4570 1840
456 2480 1169
133 2524 1642
545 1237 1301
583 1358 1906
685 5395 1774
709 4867 1554
586 3129 1565
750 5439 2016
55 5450 2005
327 1402 1433
508 4999 1576
299 2986 1928
560 1226 1499
644 2436 1356
170 3976 1510
52 6308 1411
7 4493 1631
760 4658 1345
625 3129 1774
47 4306 1697
263 4636 2016
117 4658 1675
553 6297 1268
575 4856 2016
182 5593 2005
466 5945 1378
271 3151 1752
370 1776 1389
39 5725 1147
567 5494 1147
31 3448 1235
18 5175 2027
83 5659 1565
317 4658 1895
66 5615 1136
295 4317 1147
606 1897 2027
351 1347 1906
222 5714 1169
620 6000 1532
176 6330 1994
755 5934 1202
469 6275 1840
511 3987 1664
416 5560 2049
779 6319 1774
128 6297 1378
286 6264 1961
751 1567 1697
227 1248 1895
362 5758 1158
772 3976 1466
546 2887 1796
480 5439 1719
79 2359 1543
414 4625 1994
27 6044 1620
147 5714 1499
703 2249 1928
258 6308 1620
368 5978 1202
342 2557 2027
291 5714 1147
445 5967 1345
381 6319 1763
260 5472 1609
574 4328 1950
217 5175 2016
539 6308 1983
740 2282 1829
498 1919 2016
610 6286 1763
564 6264 1180
406 2557 1587
616 4856 1576
505 4306 1906
547 3448 1345
349 5769 1444
216 2018 1136
702 1446 1807
175 4878 1312
232 4328 1763
156 2887 1147
519 6154 1554
337 3008 1906
509 4317 1807
376 5505 1114
735 4878 1488
22 5527 1158
525 2348 1620
70 5593 1169
215 4603 1939
119 6275 1279
388 3998 1917
246 6275 1895
110 2513 1598
405 6088 1554
146 5428 1664
63 2887 1268
706 1435 1477
522 5560 2027
515 5725 1609
633 5692 2027
422 5681 1180
692 2381 1510
40 3976 1598
120 4317 1180
449 4636 1983
172 5054 1587
714 1259 1202
506 5747 1389
248 1787 1895
729 2117 1136
196 5395 1730
501 2898 1895
346 5197 2027
231 1842 1136
178 4647 1994
548 5417 1609
49 4361 1290
142 6264 1433
276 1380 1873
549 6187 1565
333 5989 1235
640 4658 1257
223 5978 1312
460 5428 1653
279 4559 1807
21 3437 1279
529 2898 1774
684 1237 1356
599 1556 1686
100 6077 1565
203 5725 1235
651 3195 1664
314 6275 1510
108 5945 1290
609 5769 1532
446 2898 1950
645 5626 1114
551 1776 1807
353 5780 1147
352 2425 1389
697 4317 1928
603 1798 1664
305 1457 1796
238 2876 1598
733 4856 1378
774 6275 1972
159 6330 1367
89 6275 1444
296 5747 1169
313 5780 1290
273 1974 1147
245 1226 1884
373 1248 1345
93 4867 1587
569 1798 1543
169 5384 2027
138 2876 1235
206 4955 1136
191 6286 1620
69 5593 1125
495 5978 1323
421 3162 1752
101 1325 1928
722 5967 1587
61 6022 1576
482 6297 1785
87 2524 1521
256 2513 1378
226 6319 1598
689 5725 1620
374 2898 1268
543 4306 1873
576 1237 1202
243 5417 1158
695 6286 1928
619 1226 1576
712 5670 1620
693 3624 2016
13 2876 1334
589 5483 1147
494 2876 1620
598 3646 2016
59 4625 2005
94 5395 1752
739 5406 1763
597 5714 1235
107 6275 1796
125 6000 1224
742 3173 1631
613 6330 1939
615 6286 1576
287 2271 1840
4 5604 1125
475 5758 1257
686 5472 1136
90 2425 1367
534 5571 1554
364 5406 1620
764 4328 1334
307 1248 1158
306 5736 1224
118 4306 1290
578 5483 2038
450 6033 1620
219 5989 1554
340 6319 1939
659 2898 1928
442 4878 1961
292 3085 1829
275 1545 1664
440 1237 1323
160 5769 1433
680 4328 1807
401 5769 1290
433 5087 1136
776 5637 1620
283 3998 1587
413 4889 1136
662 5769 1169
432 6286 1466
734 1248 1741
311 5934 1554
184 1237 1554
14 5747 1158
533 4328 1290
540 5780 1356
727 1842 2027
493 5626 2060
500 5648 1576
185 5934 1290
162 4856 1169
325 1919 1598
71 4317 1290
711 2491 1213
38 4658 1565
541 1226 1708
261 5428 1763
544 5417 1576
520 5582 1125
336 2535 1994
229 1798 1631
391 1237 1730
674 6297 1609
538 3448 1466
343 2502 1312
660 5450 1675
516 3723 2038
355 2370 1576
341 4306 1686
600 1259 2005
428 6077 1598
318 6275 1543
467 4647 1169
594 6319 1906
239 1314 1279
681 5615 1620
745 2887 1631
26 5989 1411
410 5967 1202
439 5395 1939
443 2535 1950
143 6319 1510
171 6110 1587
145 2502 1213
92 6330 1433
492 4328 1180
225 3448 1400
670 5428 1730
392 1237 1312
338 4878 1818
264 5175 2038
713 3426 1807
690 2403 1411
205 4878 1345
579 5428 1972
409 2898 1697
58 3195 1675
1 1776 1829
165 6297 1290
653 2535 1796
29 1798 1719
677 1919 1587
671 3426 1576
149 3063 1851
683 5978 1235
753 2876 1664
621 4317 1686
237 5428 1840
173 5472 2027
115 6000 1147
630 4636 1730
50 3096 1510
444 5692 1147
773 5516 1169
536 2887 1235
132 1941 2027
228 2898 1719
423 5978 1543
778 3448 1147
624 6110 1554
532 6297 1895
365 4306 1543
425 5395 1994
537 2502 1389
436 6000 1455
25 4867 1664
554 3437 1873
691 5967 1158
427 3987 1488
112 6286 1169
168 2887 1763
334 1875 2038
402 5417 1741
461 5032 1147
272 4317 1345
298 4515 1708
88 6286 1356
267 5934 1334
393 2920 1224
777 3756 2027
140 6319 1609
363 2535 1917
386 2876 1147
468 5670 1587
412 4878 1224
250 1776 1730
732 2887 1158
476 3448 1312
726 5934 1279
488 6264 1367
435 3987 2005
102 5725 2005
200 5164 1158
241 5439 1763
124 6022 1620
2 5978 1609
748 4306 1213
220 5648 2060
526 3998 1983
649 2040 1136
761 4647 1532
285 3030 1400
635 6264 1455
400 4306 2027
309 5406 1730
262 1248 1477
559 4306 1444
721 2447 1312
12 5197 1136
189 1446 1499
504 2370 1565
430 2513 1389
407 2117 1147
634 5780 1433
51 4658 1202
766 5967 1400
457 5780 1576
360 1787 2038
497 5747 1268
344 1776 1213
472 2018 2027
116 4647 1543
530 3492 2038
561 4647 1609
43 5934 1521
289 2975 1312
744 2964 1939
24 6044 1598
104 1776 1202
673 3635 2038
280 5483 1169
290 2480 1180
605 5087 2027
73 4944 2027
403 2359 1576
737 2425 1587
35 1402 1851
297 2931 1235
531 5648 1994
81 1303 1268
426 6143 1565
394 2898 2005
201 5450 1565
648 5054 1576
284 3976 1235
612 4867 1532
687 5780 1400
647 4889 1158
197 5538 2049
455 4636 1224
303 3998 1532
17 4878 1994
249 6275 1807
152 4900 1598
335 2403 1433
588 5439 2005
419 2953 1961
490 5384 1884
33 6319 1653
462 1798 1356
302 2502 1477
571 1523 1730
44 5428 1598
478 3998 1257
253 3437 1158
385 4977 2038
542 5670 1147
11 4878 1257
595 1248 1818
269 5054 2027
387 4878 1554
593 1875 1136
682 1226 1400
141 6000 1246
46 2898 1180
694 5736 1389
320 5725 1466
202 3052 1433
765 1237 1147
48 4515 1686
359 1798 1928
122 5461 1994
323 5604 1565
109 4856 1686
628 1963 2038
587 4856 1411
148 3151 1609
366 4559 1818
356 5736 2027
259 4647 1598
167 5769 1411
704 5461 2038
16 6264 1620
34 6297 1477
550 1776 1972
746 5417 1939
68 6297 1422
96 2491 1147
75 4867 1928
186 4647 1279
483 3437 1851
566 5934 1532
611 2876 1818
137 1424 1466
190 5197 1147
377 3987 1213
60 4394 1367
99 6077 1554
654 4658 1378
705 6330 1169
326 4383 1334
491 5417 1862
404 6231 1598
580 5021 1136
382 2216 2016
266 4911 2016
193 1248 1422
30 4658 1741
383 2304 1752
523 2524 1664
552 4636 1774
489 6286 1543
331 5736 1609
663 6165 1554
512 6308 1202
596 3437 1301
328 2304 1719
590 3987 1433
180 1413 1840
113 6154 1620
45 5417 1906
700 3976 1191
54 6286 1510
481 6308 1268
179 6297 1972
204 5648 2027
221 2491 1169
471 5747 1554
316 5945 1444
754 6099 1576
151 4856 1400
86 3976 1939
114 4878 1499
265 2876 2016
315 6099 1554
756 6319 1807
717 5593 2027
438 5736 1444
527 1314 1939
769 6286 1939
604 6000 1433
464 4449 1510
637 3448 1708
80 5494 1994
656 1556 1697
354 6319 1257
638 3470 2016
224 4856 1961
399 2414 1587
136 5428 1884
347 2073 2038
696 3723 2016
64 4383 1323
503 5956 1510
281 5417 2016
676 5945 1532
718 5494 1587
441 4416 1433
330 1787 1290
19 5593 1136
9 3998 1796
669 6286 1312
679 4856 1994
72 1798 1169
8 3426 1191
723 1897 1587
614 3019 1884
85 4427 1477
724 1226 1466
339 4603 1917
198 1512 1741
570 2876 1609
716 6308 1939
164 4636 1576
496 4636 1147
5 4636 2005
678 1248 2027
67 3976 1323
139 5945 1422
389 2942 1961
209 4867 1697
581 2381 1488
384 4383 1345
278 6308 1334
758 5747 1587
82 1226 1752
477 1985 1158
187 3206 1686
458 4493 1642
768 5461 1147
771 4405 1422
484 3426 1818
62 2502 1356
558 5626 1994
672 6319 1796
130 4658 1961
361 4658 1719
710 5560 1114
348 4306 1499
247 2502 1290
437 4306 1917
701 1369 1378
418 3426 1895
720 2370 1598
210 1798 1213
470 2535 1785
378 3987 1851
664 1237 1950
572 5428 2027
42 1787 1653
556 2513 1466
398 6264 1939
121 2425 1345
20 6275 1345
380 2513 1367
211 1347 1334
163 2898 1488
641 1787 1939
294 4636 1994
451 4658 1576
56 6286 1213
518 4328 1235
105 2348 1587
270 3976 1675
584 5725 1521
293 1974 1598
177 3734 2016
375 3448 1180
213 3437 1488
452 2887 1653
465 2546 2016
736 4460 1554
420 4966 1587
487 1776 1378
192 3987 1928
767 4317 1455
350 6330 1400
585 6000 1169
345 5769 1543
577 4306 1433
174 5604 1609
591 5615 1576
236 3448 1752
288 5483 1180
429 6275 1620
161 4317 1334
639 3019 1895
415 3437 1334
76 5164 2038
95 4361 1301
555 6286 1554
41 1226 1807
752 2238 1983
657 5142 1136
623 5626 1125
535 5956 1345
582 3041 1411
528 2216 2027
667 4317 1796
650 4581 1873
74 6297 1466
675 5758 1411
473 4306 1928
731 5736 1994
181 3426 1906
665 4306 1774
230 1226 1202
719 6297 1708
708 2887 1818
255 1930 1576
98 5659 1576
517 1787 1455
367 6308 1807
300 2513 1488
562 4372 1323
738 4867 1906
155 2524 1598
252 1787 2005
757 1226 1532
618 6264 1851
743 5384 1961
158 2260 1873
390 5593 2016
127 2887 1356
763 6286 1477
592 6264 1807
369 3426 1180
129 2524 1653
396 1237 1180
188 1798 2027
565 5615 1565
254 5494 2060
459 6275 1411
10 5956 1499
608 3437 1598
643 5560 2038
728 5736 1488
379 3437 1862
28 4922 2016
304 1897 1598
698 1787 1719
357 3448 1268
568 1798 1389
463 4658 1862
78 2348 1598
207 2524 1620
251 3987 1378
652 2458 1257
310 4867 1521
84 5065 1576
524 5703 1158
617 4328 1466
153 4361 1279
507 6308 1246
208 6275 1587
372 4636 1598
36 6143 1554
301 5736 2049
454 1963 1158
277 4900 1136
53 3976 1411
134 3987 1829
91 4867 1400
607 1523 1741
513 6275 1598
417 4658 1543
411 5483 1587
32 3448 1873
658 4867 1829
725 1248 1279
688 1798 1323
642 6000 1422
408 3987 1532
601 1798 1466
626 5780 1499
715 1941 1587
199 3503 2038
77 4658 1158
57 3437 2005
371 5725 2060
573 5780 1312
240 3008 1356
150 5725 1455
257 5747 1499
632 1292 1246
166 5395 1631
707 5670 1114
666 3987 1752
868 1
598 643 442
612 1419 762
326 883 1012
645 1369 910
695 1373 956
209 1159 198
562 1003 162
640 1345 840
57 665 864
400 1015 226
867 583 620
282 945 1024
345 599 764
461 1459 550
292 1273 194
716 1337 890
545 1021 164
384 629 910
475 613 848
567 633 488
836 1407 648
220 1295 968
143 611 752
126 1433 794
482 1415 360
161 795 964
271 721 196
621 1349 894
44 599 490
184 1379 380
648 1313 234
860 895 1004
710 797 214
138 1365 810
244 981 974
402 1011 168
586 941 1030
227 1397 646
706 973 182
313 587 664
381 1391 696
274 835 204
385 1431 502
168 645 814
606 571 502
5 929 1004
749 1367 722
411 1023 988
594 711 248
639 1389 466
362 1333 886
27 1183 180
854 773 202
276 579 658
405 1085 990
456 1357 842
316 733 958
416 1083 974
650 1261 178
399 1337 244
132 843 220
203 591 438
547 665 890
516 739 976
691 1469 596
784 1497 622
471 963 218
76 1205 162
42 1239 960
401 1307 1004
452 1367 416
669 1409 858
672 1315 908
196 775 168
538 571 626
112 765 180
492 1143 978
832 621 518
376 841 162
18 1313 972
839 687 870
50 1377 714
515 1373 260
847 957 240
221 1361 328
701 651 428
444 1339 334
171 1377 890
673 1295 272
772 1459 576
762 629 744
719 1119 982
257 653 280
577 1433 720
560 1395 310
638 1443 544
767 1377 254
821 677 926
707 715 934
130 1297 1012
713 987 238
414 989 162
357 595 638
398 847 988
423 1461 588
692 1219 170
9 885 1004
28 555 482
631 1111 182
711 649 240
833 1411 838
534 1379 754
741 1041 232
646 649 260
280 677 324
40 1337 242
555 1227 198
339 1411 410
495 1349 358
296 725 292
154 831 200
100 1421 566
532 593 448
187 877 218
596 1387 790
12 565 590
216 999 988
620 525 620
201 673 284
686 1365 252
674 713 922
661 663 872
37 1327 368
218 1139 1040
422 1303 1022
33 605 768
721 1505 590
281 683 814
564 801 974
684 597 814
427 701 956
348 589 806
457 769 178
519 607 652
48 1235 1022
806 975 212
157 643 324
202 795 966
466 1067 1028
572 975 180
158 1239 210
309 589 578
600 1381 408
22 1375 730
72 1365 932
252 629 440
25 1471 666
868 1105 212
378 1249 960
195 625 792
284 535 598
84 527 592
233 1495 634
387 969 1038
302 839 190
800 967 1008
41 1267 228
329 1331 264
569 731 962
92 1441 678
603 1169 162
565 1049 228
843 1427 784
790 541 642
240 669 764
83 1275 986
432 867 228
816 693 236
61 1425 626
746 903 1012
122 1391 530
428 1191 1040
140 783 208
511 1423 498
56 1273 184
787 965 174
36 1397 502
26 1365 904
97 935 980
754 767 172
1 763 1014
319 907 162
397 561 680
506 1499 610
295 1145 974
857 1007 232
119 1069 972
236 1301 936
802 1315 306
654 1407 766
474 625 646
589 921 230
467 673 328
77 713 1024
146 1403 818
465 837 978
21 1261 186
434 1465 536
663 869 164
241 1367 912
730 623 756
521 513 598
335 787 1012
533 1403 828
553 551 684
844 609 628
517 513 610
470 657 846
125 667 350
557 1299 296
222 655 768
682 827 240
370 1401 392
323 1273 178
255 597 568
500 681 952
169 1425 478
863 1301 202
224 1379 854
254 601 364
75 1105 228
536 691 318
443 645 384
530 1335 368
622 723 980
656 1415 660
65 1203 1022
595 659 976
709 1405 548
627 875 230
55 993 186
578 717 164
791 1357 418
588 1389 390
431 1101 166
624 969 1028
625 535 660
380 1213 994
162 629 436
225 739 196
544 873 162
693 621 832
628 1035 966
494 1077 962
522 1133 964
597 1339 978
415 677 288
563 1355 398
175 1317 970
305 1441 588
842 1401 336
708 1351 228
259 867 984
346 1081 1032
298 1423 796
861 763 1020
793 897 964
593 1253 182
343 757 228
765 627 664
111 803 180
101 1401 716
570 679 936
541 885 978
518 727 174
142 1001 1004
194 641 454
644 725 194
615 1379 274
747 917 988
604 703 330
185 1399 500
652 889 218
756 981 976
99 1335 906
805 1415 496
491 1423 686
382 767 170
499 731 984
550 927 998
486 1363 382
74 1263 204
4 1347 986
543 1407 818
678 609 836
386 1377 766
110 645 698
69 823 214
671 1053 164
46 1333 890
739 899 186
827 709 278
344 629 824
8 717 898
629 1487 600
47 853 222
148 1123 1024
14 859 1036
358 1297 980
866 635 746
824 1001 1024
88 1351 966
49 1089 174
164 1285 248
435 1105 222
446 1309 216
768 631 508
314 835 1002
558 1245 990
819 1427 550
735 809 206
463 1397 518
760 1377 478
501 1431 562
260 1493 570
438 653 914
759 901 164
690 1249 184
197 605 744
717 959 964
245 781 206
514 1399 664
408 609 358
368 1305 978
528 1037 968
442 1409 550
440 567 588
249 775 212
636 741 216
546 1303 200
785 1425 820
632 657 908
248 1201 1002
769 1347 788
714 1379 788
34 1299 924
485 647 814
356 741 220
106 1389 696
728 625 530
286 695 338
105 601 582
81 1227 1022
504 803 996
579 879 190
479 1291 928
750 1393 398
815 1263 1000
496 1027 232
311 603 646
237 1279 1002
268 681 910
235 925 1038
855 1361 838
680 653 286
180 517 600
149 717 260
128 973 1020
212 1021 982
293 1041 198
265 1351 812
272 1051 1036
371 1265 1002
250 1447 722
394 1419 468
395 1075 216
818 839 1036
103 1337 234
540 1409 572
481 1113 170
864 1219 188
840 1041 960
310 1381 708
353 717 964
571 719 1018
16 1359 258
822 825 210
115 1429 730
592 1435 416
694 1015 1014
304 557 668
421 1151 990
575 541 610
322 1309 964
507 947 972
618 881 204
770 1211 226
388 1277 218
90 711 898
424 1423 570
43 695 370
447 769 1030
205 771 192
780 1339 862
726 721 900
801 1297 984
369 1113 1010
3 621 310
573 1379 688
136 1243 236
683 705 338
552 1129 174
865 673 972
87 883 230
340 1205 984
336 1041 1016
566 1441 776
743 1341 906
232 975 996
437 607 680
155 837 164
548 1227 196
127 709 980
207 603 554
513 1233 240
733 1027 222
379 1357 806
6 1299 936
279 653 256
93 1417 818
675 1023 178
763 1237 182
856 1465 482
794 1235 230
727 1181 196
609 1145 976
591 1125 970
614 589 400
107 857 966
729 1353 762
574 671 364
670 681 982
234 1071 194
418 1491 610
312 1279 998
151 587 444
556 683 308
32 1179 1002
700 1295 996
601 661 262
493 693 210
231 619 430
23 1331 968
283 1429 456
406 1005 170
29 1359 310
853 753 192
104 1437 422
367 727 198
698 1367 420
108 1171 1006
464 757 174
341 1265 212
45 1281 1036
542 665 790
163 1177 164
503 673 316
484 679 220
804 831 966
133 629 410
86 1503 586
144 1319 986
559 1447 744
200 901 1000
817 1343 244
51 1389 796
786 969 228
830 613 820
404 679 328
527 1415 524
96 747 1008
649 845 168
549 1347 284
748 1235 1038
64 1259 1008
82 605 510
383 1111 176
360 727 268
419 639 474
91 1401 506
420 1083 228
498 661 958
472 617 856
73 1125 162
332 697 292
306 1255 1022
825 675 894
807 1391 870
211 1387 314
623 1239 178
239 673 318
583 739 962
301 1097 236
372 1471 642
147 1419 812
246 753 232
134 607 486
425 815 996
677 911 1036
223 651 884
617 723 936
352 1185 1038
361 509 586
412 1257 990
334 533 634
668 575 488
782 1261 1028
208 1375 382
848 671 892
812 799 984
635 1377 320
364 1063 1002
366 547 536
469 1149 218
490 1375 420
797 693 988
174 659 316
113 1361 428
834 599 444
78 763 998
141 1093 996
576 719 964
732 549 642
337 733 196
167 1469 686
585 561 658
451 1405 736
488 939 230
256 573 508
365 1047 1008
476 1427 626
619 805 238
433 1089 978
258 1285 1030
826 659 786
509 695 296
63 867 1006
703 1333 974
153 1405 622
117 693 828
328 571 688
634 1377 464
59 971 228
30 1447 546
269 873 1026
712 621 730
630 1303 242
291 611 764
10 1371 920
166 1463 510
80 675 956
79 777 1032
660 723 1030
177 1451 572
526 1067 992
54 1393 308
15 1363 876
858 603 528
837 1239 182
723 719 888
426 991 202
95 1297 952
751 797 1024
777 523 578
704 1315 274
242 1313 922
267 625 428
478 1053 236
66 781 1010
851 987 226
183 1297 910
613 541 598
263 1043 184
462 665 918
373 677 402
178 1329 970
647 975 208
736 899 1010
584 821 212
838 653 886
657 1387 440
390 925 218
679 1455 620
738 581 776
852 665 854
35 1409 334
658 1449 628
355 733 160
722 765 990
396 691 240
828 1079 1030
160 897 1026
392 1153 204
535 1329 336
731 1131 178
641 673 776
742 1419 494
238 551 640
129 1311 208
429 557 646
666 1353 230
214 551 538
347 1115 204
715 1079 1010
94 1357 808
778 1221 200
85 711 324
510 775 976
799 569 746
407 1389 850
135 973 982
449 1367 954
31 1489 564
697 1405 740
850 813 1008
441 1391 850
477 929 1014
773 1243 216
98 1041 228
445 1349 308
53 1377 908
651 593 554
156 581 682
845 1203 1024
616 927 192
696 609 512
831 1387 702
39 1383 932
102 535 612
2 1159 240
116 923 992
303 603 460
351 1393 448
315 1333 228
277 979 1006
430 747 232
20 577 632
607 1197 222
803 623 360
273 1059 176
179 1425 462
752 819 218
349 1363 244
124 1009 168
458 685 800
820 753 970
439 947 164
60 935 240
643 1353 392
448 1273 980
551 843 976
505 1451 564
375 1205 962
489 631 754
109 621 544
19 567 490
774 587 614
89 629 694
342 509 610
188 1373 796
393 1255 978
810 1127 1036
468 827 972
215 823 174
131 1447 614
139 627 502
58 583 532
219 1427 818
525 629 550
173 825 192
410 637 858
213 1361 396
299 573 572
755 1239 1014
459 1357 388
374 735 262
497 1163 184
655 1231 1004
38 1439 566
835 1319 324
338 789 1012
811 1107 1036
170 607 398
68 625 494
264 719 302
626 611 352
226 1353 970
71 1307 172
520 1049 990
17 1351 908
288 697 974
327 537 598
823 1399 684
779 1425 532
781 1137 188
354 911 198
287 1327 856
610 1063 184
198 1099 190
667 671 312
653 589 790
199 1343 220
70 1091 164
317 745 174
409 1279 978
191 651 484
172 1311 314
275 733 980
52 1217 168
389 689 322
377 1423 566
539 699 934
123 1445 556
363 1293 184
324 1219 162
165 1277 214
642 1301 220
611 1407 678
808 893 222
11 773 1018
662 613 828
331 697 314
294 779 986
523 1337 300
318 1359 872
798 1457 522
580 1291 228
487 1407 870
413 1389 494
320 607 698
554 1051 216
13 1383 730
814 801 972
120 633 392
605 827 1006
473 1323 848
608 703 858
455 617 442
581 1019 190
450 1409 676
688 1055 988
460 1267 986
186 587 712
403 1283 962
537 1413 756
480 853 210
846 1343 888
737 829 976
776 611 394
251 673 230
687 1093 988
289 813 1002
849 681 372
261 1417 674
788 993 1002
253 675 328
266 1227 220
62 1185 974
796 1377 450
262 567 738
145 889 998
181 1413 648
290 669 942
813 1315 256
862 1415 820
229 1055 218
217 1075 1000
230 877 192
114 717 974
190 1411 514
206 1331 830
664 1089 160
150 1307 224
121 1359 940
725 607 478
740 681 242
417 741 236
531 1087 970
182 651 374
453 731 960
243 645 706
841 869 240
502 1373 298
561 1287 244
766 1439 556
568 563 506
789 1167 992
67 961 200
454 847 972
189 1325 948
705 633 278
247 1295 192
350 745 976
508 1301 1030
7 589 702
333 721 164
436 1139 162
308 1125 222
297 721 298
192 971 1018
590 611 714
744 713 1040
792 711 288
761 1299 240
307 533 544
359 809 234
602 1239 1036
718 1341 380
720 789 166
702 1363 434
775 1379 764
193 1291 268
659 651 960
204 957 978
681 721 174
228 1113 1036
524 1169 166
689 805 166
270 591 804
529 951 1004
152 1107 234
587 865 978
764 1255 1000
795 753 968
210 711 888
599 1077 972
758 1417 694
582 567 630
771 1177 192
391 557 560
285 1093 972
809 1009 222
685 659 912
512 671 788
325 885 234
734 653 444
724 727 176
633 705 342
637 967 1014
829 723 278
783 671 382
24 1349 812
665 999 226
300 1235 1032
321 1459 512
278 1291 934
159 641 716
118 1261 974
137 663 838
699 1021 1010
745 613 442
330 643 458
676 859 970
483 1085 208
757 741 238
176 1383 290
859 1027 166
753 1257 1010
