4
830 100
825 38 92
656 80 141
490 95 158
645 120 163
239 260 293
687 210 238
240 388 161
731 98 143
257 135 178
108 192 224
150 128 189
443 133 185
144 443 231
350 223 233
37 428 202
197 441 132
442 47 101
26 164 205
650 190 229
759 423 183
689 432 150
465 456 189
399 146 187
470 421 238
227 428 233
91 212 227
206 403 260
125 344 183
146 205 229
545 227 235
310 447 240
163 76 134
181 291 317
804 274 304
766 351 202
46 458 165
272 419 238
400 148 194
670 430 156
184 386 249
581 122 161
126 432 257
382 379 187
99 348 167
451 454 194
161 194 213
383 276 304
811 425 174
28 117 167
378 100 147
149 131 191
659 430 130
234 355 205
711 428 161
12 390 244
487 210 227
680 381 257
737 179 209
130 370 141
624 456 253
107 106 161
755 340 158
625 263 293
714 260 282
734 483 227
337 100 152
821 375 233
340 401 134
356 476 147
76 379 211
695 67 143
147 161 191
463 192 238
807 144 185
232 84 154
653 375 255
704 445 233
466 417 224
122 135 165
115 472 209
23 168 220
328 480 134
38 386 187
255 95 154
87 203 216
453 186 238
178 216 235
593 465 229
121 478 139
151 216 238
499 436 207
7 469 136
363 80 147
308 29 81
565 423 240
561 441 213
189 166 218
637 390 229
582 434 202
258 188 222
397 120 172
79 216 255
177 216 260
510 161 207
205 461 218
646 249 277
410 67 141
612 238 266
506 384 191
386 219 260
610 348 218
770 417 220
88 150 172
467 67 128
364 201 224
489 205 253
544 49 112
537 406 246
15 100 158
213 157 216
554 370 134
422 357 187
548 100 143
133 379 229
321 100 136
452 494 255
772 348 185
495 392 180
281 377 194
173 474 169
30 494 141
715 362 249
129 450 200
427 69 130
665 469 174
338 340 136
458 390 235
445 434 194
816 441 152
774 487 169
68 423 134
462 388 185
113 84 134
265 122 176
332 362 136
82 379 152
668 216 227
285 254 268
185 368 169
128 434 216
827 256 282
349 49 99
486 49 103
722 386 147
235 120 178
11 80 158
692 170 224
764 124 167
824 480 128
170 463 205
729 474 147
508 456 222
289 194 235
709 379 180
748 346 185
795 139 191
67 419 227
171 439 207
503 210 242
735 236 266
317 115 185
199 478 196
552 485 211
605 412 194
1 480 167
136 115 163
320 128 185
750 221 255
319 144 202
279 69 125
370 421 187
374 201 222
238 445 224
66 146 172
39 392 172
676 425 150
219 353 128
504 65 139
277 397 255
376 80 150
436 172 220
598 403 198
648 78 156
652 89 141
623 432 211
231 412 257
241 445 209
726 421 242
743 467 242
586 377 260
305 474 260
43 137 194
728 188 205
102 390 158
314 225 260
105 489 156
176 384 152
228 201 218
702 106 145
567 153 211
117 425 238
109 399 161
786 439 174
221 148 200
106 381 152
339 190 213
724 153 185
124 183 231
444 80 156
182 98 152
45 353 139
609 480 253
135 463 187
269 489 163
215 390 220
703 146 196
614 137 185
3 491 198
529 93 161
519 379 249
655 487 174
192 419 246
165 205 235
414 494 128
454 351 207
532 225 244
497 467 172
254 170 198
216 452 198
256 111 165
701 179 205
686 469 209
22 258 282
304 375 220
389 93 147
259 469 191
439 157 200
473 109 167
326 142 172
52 366 167
360 56 128
145 71 136
196 456 257
302 436 246
643 95 169
817 412 229
525 403 202
154 98 147
225 289 315
244 375 174
237 414 152
649 32 86
746 58 130
312 463 161
823 212 224
584 474 255
572 100 161
667 29 88
152 467 229
502 494 134
678 214 255
73 340 51
524 463 218
179 227 246
313 210 229
209 159 207
455 113 154
507 166 187
49 102 174
85 76 117
619 73 130
616 483 178
403 49 97
194 69 119
830 98 134
391 390 176
420 368 200
71 155 189
559 60 132
211 111 174
34 87 147
210 386 169
566 467 240
429 166 205
155 452 172
771 483 176
341 148 196
65 410 183
190 247 284
90 412 238
123 186 200
64 370 169
250 164 196
596 194 216
791 423 213
723 342 200
183 452 229
666 168 224
539 51 121
456 359 253
578 474 191
531 432 251
423 390 218
267 252 277
798 368 246
426 463 238
641 18 75
236 425 213
622 150 187
684 377 176
430 392 224
713 362 209
556 40 101
44 348 143
47 348 242
802 100 167
579 375 136
788 73 136
498 241 262
139 452 255
740 428 213
353 344 134
468 469 139
483 232 268
409 150 198
141 463 194
587 342 139
348 219 233
169 421 130
295 388 163
761 223 231
412 265 295
776 417 167
464 84 130
362 51 101
223 417 242
501 447 220
779 412 165
683 353 242
249 489 240
594 153 196
474 186 218
647 461 167
425 421 229
220 472 158
323 210 251
101 421 196
789 417 260
70 117 150
27 478 202
186 102 150
736 366 147
481 133 172
293 95 161
35 234 273
496 423 255
300 472 152
635 357 198
558 428 194
691 139 183
801 381 180
523 366 145
56 428 207
677 247 271
84 124 163
521 441 187
10 375 205
562 109 174
379 469 216
574 373 198
516 342 130
589 148 178
777 113 176
408 447 145
658 34 97
9 381 216
77 368 143
720 410 139
538 102 143
617 355 229
229 104 156
590 249 266
564 386 152
608 252 284
14 408 169
476 439 147
613 144 194
299 249 284
59 243 260
512 450 145
560 135 187
166 188 220
288 133 163
214 84 125
329 377 154
551 120 183
80 454 200
208 465 174
421 120 180
365 234 251
799 480 156
787 399 183
233 443 147
336 346 169
730 223 246
55 95 145
371 73 141
471 370 183
707 388 260
765 445 130
493 472 200
783 120 169
359 223 260
632 227 249
758 208 233
335 166 207
747 443 198
153 183 202
757 450 136
104 186 209
361 67 117
358 472 246
373 419 136
570 34 92
773 340 145
494 223 242
829 238 251
571 474 211
212 131 194
806 388 172
62 386 224
42 373 235
592 489 169
118 27 88
112 395 207
89 131 185
248 483 255
710 381 147
530 397 161
733 210 224
261 135 163
143 247 279
54 181 211
187 122 180
372 476 161
792 133 174
671 113 167
368 109 172
600 104 176
31 234 268
301 434 154
345 144 169
813 62 125
61 373 178
597 410 174
72 447 163
381 436 163
573 40 92
601 344 249
193 450 251
820 463 145
514 388 240
642 406 235
351 82 134
543 355 202
591 432 172
384 227 233
202 476 154
536 388 136
753 392 238
719 208 253
60 395 251
201 436 251
780 467 198
611 142 180
116 388 251
417 366 172
127 478 260
377 194 209
607 401 233
602 384 147
763 485 242
74 366 238
157 362 150
478 84 128
457 205 244
8 159 200
685 148 189
2 359 158
475 170 220
688 381 178
424 346 255
266 23 79
380 423 231
628 190 224
803 190 205
640 373 167
198 27 84
392 395 130
407 377 143
347 166 213
472 111 150
809 87 158
273 454 240
274 249 271
245 342 218
385 463 139
287 353 209
657 170 189
639 91 147
63 197 218
745 71 143
535 362 169
638 34 90
533 153 176
518 32 90
252 106 176
268 401 198
411 401 220
419 463 202
367 353 229
434 461 211
669 150 191
815 142 205
167 76 119
322 36 90
103 489 165
479 370 194
694 230 242
716 362 229
744 421 189
534 425 220
805 434 235
48 353 143
218 357 161
553 150 180
57 203 227
50 285 308
315 403 222
81 410 216
542 106 174
387 408 235
24 351 167
344 390 242
621 379 134
522 355 220
674 153 178
271 406 205
375 463 147
291 379 174
333 135 176
664 14 70
40 192 227
132 364 213
275 100 156
810 458 194
754 197 224
284 450 246
717 221 264
620 452 136
331 221 240
355 78 121
318 230 246
690 359 180
4 38 103
393 489 134
415 408 183
160 346 172
303 95 134
599 142 169
283 434 183
781 399 143
693 434 185
756 205 216
428 346 233
749 425 158
402 186 231
505 260 284
732 212 255
298 454 260
700 221 262
242 221 249
760 157 191
485 82 136
366 342 141
32 69 114
357 399 246
739 375 222
491 60 123
21 441 224
435 95 143
450 80 134
672 441 244
775 432 152
41 408 150
636 56 119
222 480 251
119 483 187
762 489 229
346 245 266
540 359 211
282 421 169
814 234 253
390 465 260
111 384 132
280 480 150
75 465 185
699 469 194
404 412 141
751 469 158
432 144 183
78 379 165
330 373 229
97 120 187
448 65 134
243 190 218
528 243 257
577 461 194
286 113 183
604 421 198
549 346 220
191 60 119
826 104 161
682 203 251
433 111 161
630 357 183
95 390 253
20 62 123
555 436 244
307 452 180
388 366 255
712 65 125
752 124 183
5 494 163
651 62 130
292 227 260
418 128 158
784 150 205
156 38 95
53 375 251
446 388 191
460 417 257
18 434 180
401 421 161
142 351 235
480 67 112
263 342 128
768 87 139
327 249 273
174 93 136
822 465 167
526 483 198
395 458 233
306 362 233
469 238 273
162 120 165
509 346 216
675 432 260
200 54 121
698 469 161
246 401 246
629 208 249
547 432 178
515 346 147
588 181 229
482 98 163
343 469 196
369 399 222
500 355 136
585 414 220
262 388 158
29 357 176
708 467 150
818 227 253
92 65 114
6 168 196
634 93 154
17 443 154
800 223 249
36 137 196
324 188 200
51 170 211
334 155 178
663 410 176
595 472 174
158 82 156
513 410 150
626 212 233
697 395 213
742 478 163
644 456 233
725 170 209
297 368 222
767 443 150
492 139 165
114 245 282
696 122 165
98 434 227
441 34 88
721 410 231
654 58 119
342 454 224
785 434 233
140 399 156
431 269 288
615 203 246
563 142 191
290 450 143
557 379 235
575 377 235
661 480 202
738 49 106
224 491 240
440 364 139
484 238 257
459 126 185
354 153 200
793 247 282
204 474 213
741 450 132
138 412 187
294 62 110
86 441 207
325 51 112
511 212 242
93 474 136
148 366 198
195 392 167
438 78 139
568 362 154
16 197 233
406 80 119
569 357 218
352 51 110
69 203 218
413 122 154
134 403 147
527 203 222
461 60 110
790 458 178
660 399 141
477 142 189
83 214 251
706 381 134
137 395 196
203 430 207
812 421 158
398 340 194
188 137 174
96 439 128
33 454 178
794 439 242
311 392 227
808 403 249
13 463 189
251 192 240
175 452 207
180 148 205
207 142 176
131 390 172
520 480 185
405 106 147
296 243 275
247 181 218
226 232 244
260 379 189
576 278 301
705 241 275
25 150 183
618 205 251
679 478 154
447 452 257
541 373 128
488 447 242
270 436 187
230 489 211
396 113 174
253 124 156
437 434 257
58 128 187
394 172 207
164 181 233
546 208 218
769 186 227
727 164 216
603 428 130
673 406 227
309 175 213
606 153 198
110 469 178
550 104 150
580 359 222
278 348 196
217 450 249
633 373 213
782 82 152
316 54 123
681 232 255
100 155 194
583 417 202
168 84 156
796 432 191
819 445 260
94 194 211
264 47 106
517 487 194
416 69 141
172 58 121
828 252 271
662 443 251
19 359 143
631 201 244
627 452 156
778 357 233
159 346 246
449 243 268
276 139 178
718 355 218
797 397 141
120 441 161
13 7
8 1243 711
6 1387 783
13 1387 711
5 1315 783
12 1351 747
3 1279 675
2 1243 639
1 1243 783
4 1315 639
9 1315 711
7 1351 675
10 1279 747
11 1387 639
297 0
256 73 356
42 99 171
208 108 155
85 92 122
128 85 176
54 103 112
113 86 318
134 91 340
118 99 183
18 92 114
154 234 118
157 116 338
234 240 362
122 104 118
192 162 102
41 70 98
292 88 197
68 228 112
258 87 183
23 181 102
25 86 183
70 140 106
224 96 168
69 103 186
267 154 348
63 187 110
230 218 357
88 186 100
253 86 296
189 98 227
33 91 119
241 98 179
172 90 333
247 69 362
76 84 112
201 100 102
166 91 266
239 180 353
53 205 107
8 102 324
45 192 98
181 100 324
35 99 191
193 106 344
252 87 254
50 177 342
26 69 100
3 162 118
40 102 143
221 87 318
86 186 340
150 112 359
144 87 275
294 168 101
143 62 358
295 152 345
217 92 291
277 150 119
290 112 106
212 165 340
276 210 110
155 92 225
264 96 153
151 86 224
27 118 350
13 133 106
219 151 354
240 231 108
204 97 262
164 106 330
273 98 353
232 174 362
152 81 338
191 163 117
15 104 203
29 99 200
65 224 99
135 86 297
227 240 348
199 87 260
187 206 359
66 217 122
123 159 359
202 177 120
275 108 218
222 115 350
106 232 350
105 93 196
268 124 342
216 63 116
91 129 345
82 100 332
121 138 118
38 85 330
59 100 119
138 76 360
49 181 340
153 86 117
167 130 117
287 110 346
237 102 118
36 90 138
12 103 212
146 88 122
4 96 290
272 98 216
297 170 356
238 168 120
73 169 352
274 94 312
248 93 287
99 135 353
5 92 190
58 159 338
156 132 341
31 166 342
165 92 120
183 97 276
77 70 105
236 63 108
207 87 269
270 108 162
80 220 112
197 102 129
71 74 122
111 92 279
108 68 120
179 200 362
124 84 119
168 225 353
203 88 256
116 84 218
127 184 102
17 85 287
39 105 351
255 115 102
100 194 362
279 108 248
263 73 348
251 157 344
171 108 118
141 109 354
114 91 122
160 105 159
2 88 338
200 112 105
48 94 164
139 100 185
214 129 111
10 230 100
213 187 356
296 100 228
280 115 356
62 81 360
161 201 347
30 108 345
148 150 108
262 116 101
130 93 179
52 60 340
243 135 352
286 210 348
185 146 357
64 96 291
7 168 99
14 93 238
265 183 352
176 135 111
223 99 332
175 98 276
257 176 113
9 105 124
44 212 341
67 94 203
72 174 119
43 112 357
137 86 194
215 99 246
285 84 98
131 63 341
90 102 326
266 196 345
206 238 351
261 103 184
233 234 347
278 196 362
249 105 341
205 92 227
269 67 110
173 193 101
182 199 111
55 93 268
291 117 341
102 90 212
47 93 252
169 99 104
282 222 354
98 128 105
210 108 350
220 84 210
194 90 155
218 129 108
22 105 309
117 140 101
159 186 357
196 168 118
149 85 222
96 84 239
244 192 114
125 114 350
284 97 317
89 94 172
101 87 326
245 72 100
140 120 120
289 205 346
145 102 108
226 91 321
56 231 99
119 88 326
11 202 110
180 229 348
94 182 350
177 84 298
83 229 107
259 86 149
158 152 107
283 87 182
61 76 106
60 216 114
92 93 101
293 129 353
84 94 167
225 174 348
235 190 347
198 156 350
21 229 112
107 75 116
109 84 336
79 104 149
250 120 117
209 99 222
115 98 243
16 98 236
51 87 352
24 88 120
184 91 284
147 223 98
78 88 212
186 68 106
142 214 357
178 98 342
104 84 330
211 160 362
74 85 353
242 210 101
228 118 338
162 103 250
260 98 302
112 103 347
75 60 341
188 103 167
95 108 101
110 105 149
126 169 116
1 108 302
57 68 340
288 160 101
136 162 338
231 61 119
28 157 105
97 85 332
37 231 102
271 100 238
93 99 150
133 75 105
254 128 120
32 63 338
81 238 98
34 93 354
132 66 338
6 234 339
281 188 356
246 102 148
19 82 117
229 154 98
174 92 290
87 228 106
195 129 122
46 171 112
129 97 272
103 177 348
120 108 291
20 100 320
170 176 102
163 182 338
190 100 294
7 4
2 72 98
5 83 76
3 50 76
4 72 76
7 61 76
6 94 76
1 72 120
