5
3 0
2 11 21
3 8945 87
1 230 9730
39 0
20 349 210
33 217 210
36 187 330
8 133 210
12 205 210
24 277 210
27 358 210
13 283 210
18 307 210
25 208 150
30 97 210
28 178 210
6 190 210
35 223 210
17 292 210
4 187 120
11 163 270
34 295 210
38 205 270
21 334 210
22 364 210
10 166 150
26 184 270
1 193 210
16 244 210
7 109 210
5 154 210
31 148 210
23 160 150
32 253 210
29 136 210
14 355 210
9 256 210
39 190 150
2 157 150
37 202 210
19 190 270
3 193 270
15 157 270
102 0
63 2540 3120
67 2020 6960
46 2020 5980
58 2460 2940
36 1980 6740
22 2000 4520
87 1520 2940
72 2000 5840
54 2240 2480
19 1500 2960
27 2000 2000
85 1980 6480
96 1980 3480
101 1460 3060
88 1540 2860
6 2000 3340
79 1980 4960
31 2020 3240
30 1980 5360
12 1780 2420
92 1980 6160
4 2000 2040
21 1980 7160
78 1980 3900
80 2100 2220
97 2460 2960
84 2600 3200
89 2020 4420
28 2020 6360
33 2000 5820
70 2020 2460
68 1980 7480
42 1920 2160
39 1980 2020
66 2020 6040
35 1580 2780
48 2020 2520
13 2000 6820
82 2000 3520
73 2000 3560
18 2000 7320
51 2020 6580
86 1980 5180
47 2020 3400
2 2020 4060
64 2020 3140
26 2000 6720
81 2000 2960
1 2020 5560
98 2000 7480
102 1820 2340
44 2020 2080
91 1620 2740
25 2200 2400
29 2480 2960
99 2020 5840
37 1980 2000
38 2000 6520
74 1980 3060
59 2520 3060
41 2000 5280
55 2000 5900
100 2020 3300
7 1580 2820
10 1680 2580
14 1940 2100
24 2280 2560
57 1980 6260
50 2020 2200
95 2020 6460
61 1420 3120
16 1980 2520
56 2020 3780
15 2020 3920
11 1980 2080
93 1980 4280
62 2040 2100
34 2020 2500
45 2020 2780
3 2000 5420
77 1720 2500
90 2000 6800
94 2000 7700
53 2000 2220
52 1980 6040
71 2000 7880
69 2000 7800
76 1980 7580
75 1980 5020
5 2000 4360
17 1980 7320
8 2000 2820
32 2180 2400
40 1980 5540
83 1980 4860
20 2580 3160
65 2000 6040
49 2360 2720
60 1980 5600
9 2000 5580
23 2020 7900
43 2540 3100
150 10
123 431 163
114 431 71
73 154 239
52 527 231
58 363 232
72 447 237
64 463 141
2 483 207
112 390 51
1 385 193
10 430 166
143 494 153
50 364 108
15 397 79
21 500 168
67 535 72
84 478 115
63 435 228
130 460 78
48 207 41
86 462 207
103 541 136
99 418 58
17 477 135
134 546 173
93 151 117
82 421 61
12 277 47
81 316 59
11 360 196
127 501 116
30 494 201
65 374 230
105 511 62
98 480 56
117 420 235
69 483 175
38 490 169
27 519 67
14 504 179
62 373 95
35 507 225
28 217 250
139 359 121
89 161 242
57 482 55
34 521 73
137 439 127
16 261 57
147 157 253
95 448 71
45 445 76
68 530 73
13 417 114
78 444 153
76 376 122
125 494 206
37 157 171
8 481 211
5 185 241
46 319 54
135 396 147
131 157 143
149 531 113
87 385 135
100 446 139
40 144 249
18 252 255
36 150 59
54 537 133
66 550 179
43 426 93
133 467 142
41 485 78
60 542 172
101 487 231
108 507 152
104 367 190
6 352 216
96 496 221
141 301 49
128 422 171
23 176 40
94 500 165
74 167 58
116 487 204
144 311 49
109 185 260
4 452 128
61 478 242
148 486 239
115 459 58
150 370 170
102 483 143
122 379 133
113 429 140
91 437 133
90 552 50
97 483 165
49 528 128
107 479 125
22 479 152
31 401 58
110 359 73
19 411 149
124 548 195
25 418 82
118 371 159
106 450 50
129 516 114
77 445 68
75 503 62
85 374 232
20 410 51
70 532 222
53 472 94
39 448 248
146 372 154
59 496 166
142 369 124
44 315 259
92 311 249
132 436 92
79 540 210
33 153 138
7 356 205
111 510 212
121 511 73
80 494 73
126 145 144
140 443 247
26 413 75
56 294 253
83 476 58
9 150 130
51 543 166
136 519 80
145 182 259
42 526 170
3 153 46
119 537 61
32 427 153
47 536 250
71 297 242
29 360 204
55 503 107
88 391 59
24 441 167
138 427 89
120 411 72
43 0
39 9050 4576
11 7334 7540
33 6892 5512
23 5410 6916
24 7906 7488
15 5800 6890
40 5696 7384
30 5722 4030
19 4838 7618
32 9570 3224
28 7360 3770
1 3538 2808
41 7932 7696
21 4682 5980
29 9076 5512
18 5046 7046
43 5982 5850
17 8062 8008
10 5176 7930
14 7464 7540
16 8296 7514
7 4136 5954
12 6164 5408
20 9388 4134
34 3616 2938
13 8322 5902
22 8660 6058
35 5410 7722
5 7880 7020
37 4188 5954
36 7022 6734
4 6190 5694
2 8608 6474
27 5644 7800
3 6528 3796
26 8140 7384
31 9440 3094
38 9336 4784
6 4578 6474
9 3876 4654
25 3902 4784
42 6944 6032
8 4578 6370
