3
60 19 10
32
39 41 9
44 51 7
23 36 15
40 41 11
60 60 11
8 24 8
33 40 16
15 16 18
11 25 9
9 10 2
49 52 8
20 21 10
4 10 15
44 60 4
44 55 6
44 60 5
4 5 10
6 29 7
44 57 2
17 36 13
23 29 11
43 55 1
6 8 11
24 37 14
44 49 12
7 24 4
15 16 11
42 60 3
47 58 18
44 45 18
6 30 6
12 30 5
48 9 8
24
45 48 3
35 45 6
28 38 7
2 5 5
10 35 1
3 42 9
1 11 8
26 30 6
5 8 1
24 42 3
2 11 7
14 40 8
30 46 4
18 24 5
42 46 1
2 5 4
25 28 4
45 48 7
8 19 2
26 48 5
5 7 3
15 23 7
27 40 2
2 7 6
59 16 8
42
59 59 1
4 27 4
46 56 4
31 54 11
3 7 6
16 32 1
29 31 10
41 44 3
9 12 8
36 48 2
4 14 13
4 9 1
38 39 10
23 34 8
59 59 5
34 37 15
2 16 11
43 46 14
38 54 5
46 54 3
37 49 8
43 46 16
15 33 2
59 59 9
2 6 7
6 19 14
40 41 16
2 3 12
5 20 15
6 34 3
24 52 7
37 57 9
38 48 6
4 28 5
8 23 16
36 37 1
30 39 13
18 35 6
43 55 10
21 40 12
1 3 16
56 59 2
