4
71 44 4
1160
20 28 1
18 33 26
16 17 10
56 57 24
25 34 25
65 70 14
39 40 24
42 43 17
31 33 12
66 66 18
48 71 9
4 4 12
39 40 24
71 71 33
35 39 30
39 39 24
24 30 44
19 23 10
47 48 20
47 64 11
27 32 22
36 37 11
39 48 6
43 43 17
1 4 35
33 33 20
55 55 37
14 17 1
9 16 24
52 57 33
16 21 25
42 42 15
34 35 9
71 71 19
40 51 22
46 50 35
36 41 11
55 58 41
50 71 42
42 49 36
23 26 34
56 56 3
70 71 35
35 37 36
43 45 23
52 57 3
29 30 21
71 71 17
40 42 32
13 16 44
38 55 8
50 51 32
29 29 11
39 39 24
1 11 7
55 59 36
10 15 25
41 41 16
47 59 14
60 61 20
38 47 38
35 35 29
7 8 20
23 36 14
39 41 16
61 62 14
54 55 33
17 17 6
61 68 22
21 24 9
19 20 13
44 46 32
25 32 22
5 12 3
45 46 26
68 70 28
41 50 22
23 26 34
20 21 4
7 9 22
65 68 37
56 62 2
38 55 8
17 18 6
71 71 36
17 20 9
44 44 15
48 51 19
5 5 9
61 69 16
34 42 10
57 63 38
19 24 3
53 53 14
1 3 18
68 71 5
11 20 9
38 40 5
25 34 25
43 50 35
63 71 25
62 62 13
3 4 34
65 67 27
47 59 14
54 56 20
34 37 15
35 37 31
47 49 3
26 26 12
47 63 27
42 43 17
20 28 1
40 52 21
31 32 19
56 66 34
29 33 43
43 44 11
71 71 33
56 56 20
7 18 11
24 24 13
16 19 32
50 50 29
54 63 27
3 3 15
28 34 8
11 13 36
54 67 5
4 4 21
43 44 35
39 40 28
49 50 29
10 10 22
27 32 8
57 59 30
50 51 15
57 63 38
2 2 44
30 31 3
67 68 31
49 69 29
3 5 18
60 61 20
12 50 39
47 63 27
18 34 26
66 71 3
68 71 28
23 23 20
3 4 35
4 5 12
17 19 21
11 11 16
46 48 16
36 54 7
60 66 24
50 52 24
2 3 13
35 36 30
53 64 12
62 66 25
70 71 35
52 57 16
50 68 10
27 34 7
42 43 24
57 57 18
51 52 23
20 20 22
51 52 37
68 70 14
55 60 3
14 15 3
64 67 17
34 50 43
32 32 17
45 46 26
71 71 19
59 66 33
39 40 24
35 39 13
1 2 26
16 17 10
4 8 5
18 28 40
46 48 16
52 53 25
34 37 1
4 8 5
44 46 31
38 71 9
27 29 31
9 9 18
71 71 17
2 2 27
47 49 21
28 28 2
27 27 13
22 24 20
39 48 6
18 19 21
28 28 33
53 55 30
26 26 12
31 32 19
12 14 23
4 4 21
1 11 7
27 28 15
69 70 21
30 31 29
42 46 4
39 39 24
2 4 7
26 29 7
1 14 29
19 28 10
10 24 32
1 3 9
48 59 11
51 52 25
50 52 24
20 20 22
44 45 32
51 51 32
40 41 33
52 71 11
66 68 13
34 35 32
27 30 33
66 66 21
64 68 38
60 69 24
32 32 17
42 42 15
35 38 29
37 41 28
21 21 44
39 66 6
21 28 35
62 62 13
6 34 37
16 21 19
1 4 35
26 28 12
1 4 36
2 2 44
46 47 28
6 17 23
30 30 3
31 31 13
32 33 28
42 44 15
37 40 1
7 8 20
24 31 16
56 56 19
58 71 39
1 3 35
4 8 5
6 12 37
46 53 40
37 40 28
30 34 6
69 71 21
1 4 4
48 50 34
71 71 36
45 50 23
68 71 15
14 15 3
1 18 11
29 31 18
4 4 44
40 40 33
7 12 22
12 19 14
26 28 10
1 3 18
47 49 3
55 67 36
7 19 35
20 20 11
5 40 41
61 61 20
3 9 43
44 44 16
33 33 32
29 29 11
17 35 38
13 14 20
43 44 16
38 55 8
7 10 10
30 33 35
55 71 40
1 21 8
68 70 43
45 49 20
57 57 24
48 50 19
54 55 23
44 46 31
6 13 26
55 71 11
16 17 14
66 71 3
1 8 11
9 9 27
7 8 27
1 10 30
33 69 44
16 20 19
47 58 1
55 59 18
47 65 5
43 44 35
69 70 21
56 71 9
7 17 43
29 30 30
33 45 40
17 17 34
3 4 20
2 2 27
39 62 6
11 12 17
41 50 23
28 32 21
1 15 29
42 43 17
66 66 27
1 2 7
7 9 22
21 21 19
29 30 30
34 35 9
64 66 18
17 17 19
18 20 6
56 66 35
41 41 16
46 48 16
63 63 13
61 68 31
14 14 1
1 4 35
28 32 21
6 17 11
24 24 16
26 26 12
6 10 41
51 52 25
50 71 44
66 67 21
71 71 17
24 24 13
23 23 34
59 60 21
2 6 10
61 68 31
1 3 18
10 13 40
40 41 32
30 31 3
8 14 13
64 67 2
50 68 10
59 62 24
21 22 11
21 27 37
33 34 32
13 14 20
6 12 3
19 19 21
22 29 14
64 68 15
27 34 34
44 44 36
20 28 1
8 9 38
36 45 3
65 69 26
22 24 21
39 42 3
13 14 24
8 27 27
15 16 22
71 71 43
10 11 27
46 47 28
15 31 27
45 46 31
62 65 30
57 62 18
68 68 17
16 17 10
5 48 41
7 8 20
20 24 23
38 41 5
16 17 10
19 27 2
13 13 12
42 45 36
40 47 21
2 4 36
35 35 9
36 53 2
5 5 21
15 18 15
9 9 18
53 53 25
29 31 30
23 24 21
22 28 10
11 15 17
7 8 5
30 30 30
70 71 6
2 2 34
27 34 8
71 71 17
57 57 38
24 24 16
36 45 3
60 60 24
38 42 28
29 29 11
22 28 1
5 7 2
66 66 21
35 35 29
45 49 2
1 22 31
42 42 15
24 24 16
46 48 16
16 16 22
18 20 18
17 17 34
59 64 32
2 2 27
67 67 31
36 52 7
69 70 21
30 31 22
35 35 29
15 16 22
64 67 25
44 46 20
34 46 1
42 42 15
63 64 37
39 41 11
7 9 4
49 49 20
33 61 43
26 26 13
17 18 6
31 31 3
64 65 18
61 68 31
61 67 22
43 44 11
64 67 15
7 11 27
53 58 3
46 47 17
9 10 17
54 55 20
16 19 14
10 18 15
21 24 35
35 37 25
42 43 17
42 44 17
70 70 4
55 57 19
15 16 22
50 51 32
65 66 24
1 23 30
5 62 42
42 45 36
50 52 21
66 68 13
26 38 39
16 16 10
71 71 33
29 29 11
36 54 7
5 9 40
11 13 2
15 22 31
44 47 20
66 71 12
4 6 16
5 10 6
30 32 22
1 8 11
41 42 32
3 3 9
43 44 38
62 67 30
6 9 9
61 64 37
25 35 24
54 55 23
71 71 17
39 46 4
60 71 39
53 62 15
70 71 6
21 21 44
22 24 20
44 48 8
55 71 29
36 36 31
55 55 32
59 59 30
30 30 18
8 9 4
56 63 3
38 55 8
58 59 41
46 66 28
20 21 4
47 63 27
34 42 10
66 66 18
2 2 15
70 71 35
9 12 17
8 12 22
25 26 22
19 20 18
46 46 32
20 20 3
43 46 36
16 16 10
47 54 13
39 40 16
21 23 44
68 69 2
47 62 27
56 62 2
38 47 38
65 68 26
64 67 17
67 71 13
12 19 14
64 66 18
63 69 30
22 24 8
27 28 32
71 71 43
67 68 13
7 8 27
58 58 30
43 43 11
56 56 32
47 52 12
32 33 12
34 37 1
32 32 17
7 12 35
17 27 6
45 49 20
10 11 16
46 47 28
70 71 43
50 51 15
62 62 2
55 55 32
1 2 24
48 68 42
20 24 1
43 44 12
9 18 43
62 65 4
15 21 27
33 33 17
54 69 16
16 32 40
37 42 12
65 66 27
15 16 22
17 17 21
43 44 11
43 44 16
68 68 13
1 4 36
22 28 43
1 3 16
41 43 38
55 56 19
9 15 25
43 43 24
10 14 17
3 3 20
1 2 26
35 35 30
11 12 12
62 66 25
4 8 11
68 70 29
35 36 31
71 71 33
1 23 38
1 7 7
30 31 13
20 22 28
45 47 10
41 50 23
11 12 12
47 54 13
59 59 30
6 17 23
44 46 31
54 56 4
55 66 34
66 69 12
65 66 27
62 62 24
15 15 3
35 37 31
59 68 10
8 25 41
25 25 13
24 24 16
20 22 22
69 71 38
65 66 26
23 26 15
3 3 24
68 68 27
12 19 14
21 27 6
18 19 3
18 18 21
62 62 14
21 21 1
21 21 44
61 62 14
16 17 34
34 34 26
2 2 27
66 71 30
42 43 24
31 33 12
7 8 27
29 29 11
57 63 35
11 18 9
40 42 27
65 67 26
35 36 15
30 31 29
21 29 35
1 4 35
51 51 32
19 28 2
54 54 26
31 32 19
59 60 21
43 44 11
9 9 4
18 20 3
41 48 41
5 34 41
43 48 37
1 4 35
33 33 20
52 53 33
47 49 28
38 42 4
62 62 13
9 9 18
69 69 31
71 71 35
71 71 17
64 65 18
67 70 23
5 7 2
28 30 9
54 71 8
40 40 33
11 20 9
1 5 18
38 49 37
39 40 24
1 4 16
58 62 36
54 55 23
36 37 34
64 64 15
29 29 11
40 41 32
38 55 8
8 19 27
16 17 34
18 18 3
32 33 17
67 69 37
28 31 9
2 12 39
46 52 12
55 59 41
35 35 30
14 15 14
57 58 30
61 69 37
6 12 44
69 70 21
9 23 7
29 30 30
60 66 39
8 18 13
56 58 18
25 26 22
44 44 17
53 59 36
16 32 40
71 71 33
69 69 21
70 71 6
35 36 31
31 32 19
28 30 9
65 65 4
64 67 15
14 20 39
48 48 34
71 71 33
23 28 15
30 31 3
46 46 36
44 47 35
64 66 17
61 64 37
71 71 36
57 67 35
33 35 32
7 9 4
49 51 12
70 70 35
47 67 5
10 12 18
38 38 31
42 43 36
39 41 28
6 6 10
62 68 22
69 69 12
16 18 34
48 49 29
24 24 16
24 31 15
28 34 23
62 68 31
58 59 31
40 42 27
37 38 29
38 47 38
16 17 19
36 36 31
29 29 11
55 68 39
13 14 17
29 29 18
27 31 32
6 13 30
17 17 34
10 24 32
56 57 19
58 63 34
55 55 32
48 48 17
68 71 14
4 4 20
49 51 15
35 35 9
48 49 34
41 52 21
54 56 4
30 30 9
71 71 19
32 32 17
38 40 5
55 66 34
2 22 31
10 18 15
1 6 16
56 56 17
55 68 39
70 70 30
54 56 17
3 3 44
1 2 7
34 35 9
3 4 27
35 36 36
48 50 23
20 22 11
25 35 24
49 51 15
66 67 2
9 12 18
33 33 32
36 53 2
35 35 29
1 1 36
52 54 37
32 32 17
17 18 6
16 17 19
35 35 9
59 62 24
35 36 30
22 50 43
61 71 23
10 24 32
63 64 32
15 18 13
21 21 44
40 44 13
4 8 5
67 69 26
48 49 34
64 68 41
1 7 38
68 70 4
55 59 18
8 16 33
8 14 2
16 17 19
40 53 22
50 51 15
24 26 13
47 57 9
47 71 5
49 51 19
5 6 2
21 23 11
4 4 21
38 42 12
34 35 9
54 56 33
40 42 5
53 54 26
59 60 21
68 71 27
36 38 34
63 66 31
60 61 20
14 17 1
45 46 31
10 18 15
3 3 20
52 53 4
62 62 14
47 54 13
56 65 35
71 71 19
1 2 24
40 49 21
41 47 23
53 54 26
8 31 36
25 27 14
37 43 28
21 29 35
40 42 12
17 18 6
12 16 16
66 69 36
18 18 21
67 71 43
44 44 17
56 57 24
20 21 4
13 13 18
3 12 40
37 43 28
70 70 6
57 58 30
48 48 34
2 2 7
44 46 32
39 40 5
2 4 13
53 56 28
29 33 8
13 20 37
59 60 3
25 35 24
18 20 19
29 29 18
13 20 39
66 69 12
57 59 30
60 71 41
9 15 25
11 12 6
56 62 2
58 59 31
32 33 17
23 24 21
44 46 31
17 17 21
2 3 34
42 43 24
62 66 30
65 65 32
20 22 11
4 23 38
39 52 43
57 57 19
71 71 33
64 67 2
29 34 25
1 1 36
61 68 22
1 16 31
1 1 7
4 5 21
17 17 21
16 18 34
16 17 34
58 65 4
71 71 36
4 4 21
7 8 20
56 61 17
31 34 8
45 46 26
63 68 22
43 45 5
49 53 22
2 3 15
29 29 30
43 43 11
35 36 30
67 67 35
25 25 22
12 12 23
49 51 19
8 31 36
71 71 6
26 26 12
10 12 35
4 5 12
43 44 16
40 41 33
27 28 8
35 37 15
68 68 12
50 50 34
35 35 29
54 56 17
38 38 11
4 5 12
52 57 16
16 17 34
3 3 44
62 66 6
47 63 27
36 36 29
17 27 6
67 68 13
15 16 22
69 71 10
10 11 16
67 71 43
8 8 20
29 31 15
55 65 10
70 71 4
42 48 7
62 62 13
9 15 25
48 49 13
64 67 2
39 41 11
24 24 13
2 31 28
47 49 3
29 30 11
16 28 40
31 32 21
48 50 19
66 71 3
5 9 2
55 71 40
62 66 30
61 66 37
38 41 5
30 31 29
54 55 17
31 31 13
44 44 24
34 35 9
69 71 7
65 66 26
1 4 9
52 54 30
71 71 19
53 57 15
51 52 4
34 34 20
58 60 15
48 66 28
65 66 27
4 9 1
14 15 3
23 28 15
56 56 17
59 62 32
6 10 1
55 71 41
2 8 43
52 52 4
11 13 16
40 53 22
1 18 30
28 30 9
61 68 31
64 67 15
14 20 12
12 12 12
2 2 27
6 20 5
22 30 14
18 33 26
42 62 7
1 3 24
54 55 20
63 67 25
35 71 1
14 15 3
36 36 36
31 35 24
70 70 6
48 49 3
28 29 33
53 59 36
31 31 3
48 50 34
50 61 10
41 41 33
40 41 33
35 39 12
35 36 31
32 33 17
47 52 14
15 16 22
50 51 32
33 37 4
1 2 26
49 67 5
47 49 36
16 17 25
1 8 11
15 16 22
25 26 22
47 48 20
48 49 29
42 45 36
6 13 21
1 5 37
16 27 29
11 12 12
13 15 6
24 29 6
62 62 14
59 66 24
27 29 31
59 59 24
30 31 13
1 7 38
4 5 9
28 29 12
53 62 15
29 29 11
16 16 22
61 66 34
53 53 26
22 22 20
46 66 28
66 67 27
55 58 3
10 15 25
38 52 9
58 59 31
49 62 6
25 32 14
70 71 2
47 49 3
29 30 9
11 13 12
31 32 19
48 48 10
55 62 34
26 31 42
37 43 14
62 62 13
57 68 38
52 54 33
71 71 33
21 37 39
48 54 38
33 34 20
7 9 22
3 4 20
28 30 9
25 35 24
39 40 24
6 13 26
39 42 5
44 45 32
5 40 41
30 31 13
28 34 25
2 6 36
29 31 15
10 24 32
20 27 23
58 58 19
29 29 1
2 4 34
54 54 33
7 12 35
61 61 20
4 4 34
9 12 37
34 36 15
53 54 26
30 31 13
60 61 41
55 56 19
9 12 22
1 15 29
71 71 17
36 38 34
31 31 29
64 69 15
47 52 14
1 6 29
45 47 10
2 6 10
4 20 5
54 55 20
4 11 1
22 24 21
20 24 23
9 14 25
30 30 33
38 54 38
55 32 8
420
33 53 7
23 26 16
4 7 18
13 19 31
14 16 24
23 30 23
34 34 15
21 30 23
19 55 4
55 55 16
38 39 23
5 9 24
29 31 19
50 52 22
55 55 26
26 29 28
46 55 15
39 42 24
6 9 21
55 55 16
41 45 24
29 31 19
8 15 25
2 13 32
8 15 25
37 42 23
55 55 17
1 3 23
55 55 16
37 42 22
25 25 17
32 36 20
3 15 16
54 55 24
45 50 26
1 55 8
34 34 15
12 17 17
3 15 16
1 4 19
27 32 22
25 42 14
4 6 19
19 19 16
29 34 29
1 1 24
27 34 29
21 25 21
1 5 1
5 53 8
50 51 17
13 15 24
25 25 17
4 24 30
18 18 16
1 1 24
37 44 22
11 20 20
45 55 10
37 38 23
1 2 24
54 55 24
3 22 15
37 39 23
44 44 20
53 54 18
21 22 20
33 42 19
7 7 17
51 53 25
3 12 31
36 39 29
17 25 27
41 50 29
50 50 17
28 55 2
2 19 32
24 36 3
43 44 22
31 32 28
6 6 18
50 51 17
3 3 25
5 8 22
43 44 24
32 36 20
35 38 18
4 4 26
45 46 25
50 50 27
26 42 30
8 11 25
3 3 28
26 29 15
18 18 16
24 25 19
21 55 11
29 44 14
11 26 2
1 13 1
55 55 17
9 17 23
11 26 20
33 55 31
6 26 8
25 25 17
18 18 16
51 52 15
55 55 16
47 47 25
13 15 22
51 51 25
50 50 17
29 31 19
42 43 24
8 15 25
14 24 26
14 24 26
48 48 24
50 50 27
5 50 1
18 19 16
37 45 15
1 5 18
46 46 25
3 26 13
1 55 8
55 55 17
45 55 14
3 15 16
40 47 16
37 39 23
8 19 32
35 38 18
37 38 23
55 55 26
32 40 17
13 23 3
1 55 6
27 29 22
4 6 17
1 22 29
11 18 5
54 55 24
26 27 17
50 52 22
49 49 24
41 45 24
10 25 28
35 38 18
21 24 24
50 54 22
1 26 4
36 47 16
1 7 20
21 30 23
6 6 31
5 7 24
4 44 10
43 54 30
48 51 24
40 42 24
50 55 22
1 47 11
4 55 3
10 23 29
53 55 18
3 8 22
26 54 30
29 31 19
4 24 30
6 11 17
25 25 17
8 15 25
4 19 3
4 33 12
42 48 17
31 41 25
15 17 32
27 27 28
44 45 18
14 24 26
55 55 16
48 51 23
21 26 20
40 40 29
40 43 20
8 23 19
55 55 17
48 49 23
3 3 28
29 52 2
2 27 2
3 13 16
25 25 17
1 55 6
12 25 28
48 51 23
55 55 26
31 33 16
46 50 19
48 51 24
50 50 17
27 48 7
5 9 24
6 36 27
4 19 3
8 8 22
31 51 21
8 46 9
27 29 29
39 47 16
10 32 28
27 34 29
53 55 18
34 34 15
14 35 27
25 42 14
31 50 21
35 40 16
3 3 28
44 45 18
51 52 25
51 52 25
42 48 17
52 55 23
3 22 7
50 55 22
35 44 26
4 55 10
13 15 24
51 52 25
6 44 10
55 55 26
18 23 30
33 54 19
11 12 22
1 3 23
33 42 19
2 21 14
1 7 20
17 19 24
21 30 23
21 42 32
46 55 13
9 23 15
2 2 24
55 55 17
2 8 26
39 43 29
13 20 22
8 22 18
22 31 24
3 53 7
3 23 15
31 36 17
51 51 27
34 34 15
53 55 18
7 7 22
1 2 24
32 36 20
17 23 29
51 55 1
48 51 23
53 54 25
39 55 12
15 21 27
2 27 2
11 22 17
25 39 14
29 30 16
7 55 9
15 26 7
34 42 14
17 22 13
39 45 24
1 22 29
5 10 26
21 30 31
20 24 22
8 15 16
29 30 16
36 51 21
2 3 25
43 55 20
23 25 20
29 31 19
55 55 17
34 34 19
33 35 32
9 10 25
21 39 3
43 45 18
28 55 32
48 51 23
24 40 10
28 32 25
14 33 1
10 14 25
4 44 10
19 25 20
1 4 19
50 50 17
6 9 21
54 55 24
14 24 26
25 31 26
3 4 19
43 54 19
4 37 10
51 52 25
13 46 13
3 7 21
28 32 25
12 48 28
3 3 28
3 15 16
25 25 17
31 32 22
1 2 24
35 35 15
51 52 25
11 24 22
55 55 17
5 6 17
45 45 18
3 9 21
36 48 29
3 7 22
26 29 30
21 30 23
32 35 20
45 46 25
29 29 16
2 8 26
27 28 28
6 36 27
21 23 21
50 51 17
39 39 23
8 9 21
44 47 18
8 25 19
21 30 31
3 4 19
40 41 20
51 54 25
3 23 15
35 44 26
1 5 18
21 24 24
21 42 32
14 15 16
1 24 5
26 27 17
14 24 26
27 28 22
55 55 22
2 2 25
13 15 24
16 19 22
54 55 7
21 24 24
51 54 25
15 55 3
4 6 19
41 47 16
23 24 24
13 22 19
3 15 16
32 36 20
43 49 20
33 42 19
2 21 14
2 21 14
25 28 15
20 26 4
41 48 29
4 4 28
35 44 26
38 39 23
10 17 28
1 1 24
34 34 15
45 46 25
34 38 12
4 6 17
22 26 16
25 33 31
24 27 28
43 43 18
4 55 5
50 50 27
53 55 18
27 55 13
29 29 16
16 19 4
26 29 30
1 19 4
31 40 17
16 25 21
3 7 22
32 36 20
55 55 16
1 7 26
1 2 25
25 25 17
21 30 23
30 30 22
43 43 18
30 30 28
3 7 21
29 29 16
26 29 30
3 8 23
25 25 15
55 55 26
8 23 14
10 25 28
76 21 7
250
76 76 19
40 68 8
2 50 4
11 12 14
75 75 16
2 3 11
1 9 14
76 76 6
3 28 10
21 53 13
43 50 19
1 29 18
57 62 12
71 72 8
3 9 13
41 76 11
8 10 12
65 76 12
8 16 11
49 55 9
3 4 12
36 48 16
2 42 19
15 28 17
47 53 17
2 3 11
32 33 12
64 68 14
3 6 12
3 9 9
43 45 10
2 76 4
13 17 18
17 17 9
54 68 17
22 27 12
73 75 16
42 44 10
13 28 17
2 29 4
57 68 6
47 63 14
38 42 14
40 49 9
71 72 8
76 76 15
30 50 4
47 47 14
76 76 14
73 73 13
76 76 6
68 75 9
62 72 10
70 74 16
60 66 9
76 76 15
13 13 14
76 76 6
5 24 18
61 66 15
11 12 14
68 75 9
1 39 8
12 65 13
3 28 10
6 76 2
1 6 20
43 44 12
76 76 21
3 28 9
45 46 14
18 59 19
76 76 21
68 75 9
33 38 6
76 76 15
55 64 12
69 70 13
72 75 16
19 33 16
76 76 15
3 3 11
3 45 20
4 5 14
16 36 11
63 64 9
2 3 16
41 62 11
76 76 15
36 37 16
1 45 20
67 73 15
54 76 18
1 9 14
74 75 16
41 62 11
45 46 14
63 63 16
55 61 12
76 76 6
68 76 9
1 6 1
4 14 20
41 44 16
73 74 17
13 76 1
1 5 12
36 40 16
76 76 6
32 48 9
3 7 13
2 37 15
71 72 8
76 76 21
61 61 9
39 52 9
1 7 13
30 30 12
31 46 17
1 56 6
73 73 13
36 37 16
1 4 16
3 28 9
3 12 1
32 76 3
38 46 12
5 34 10
2 22 3
45 46 14
1 76 1
46 49 3
56 56 12
60 76 5
37 72 2
29 30 12
14 16 9
70 76 14
41 43 19
15 45 20
1 51 21
13 19 3
31 53 17
17 23 11
56 63 2
60 69 15
1 76 5
74 74 9
38 46 12
25 29 8
76 76 6
73 73 13
73 73 13
6 7 13
13 76 2
31 53 17
76 76 15
48 49 14
76 76 15
38 42 15
49 62 16
3 3 11
76 76 16
76 76 9
43 53 12
43 53 3
1 53 18
8 10 12
68 70 15
1 4 16
3 13 9
2 29 4
5 13 4
71 73 14
36 40 16
37 53 18
35 57 9
52 66 21
31 31 12
76 76 6
2 3 11
71 76 9
71 72 8
73 74 13
41 76 11
73 76 17
42 55 10
12 65 13
1 4 16
46 46 14
7 10 18
76 76 21
70 76 14
44 56 15
59 60 9
59 63 9
17 33 10
37 44 2
1 14 17
66 66 15
11 21 12
6 6 12
73 76 17
1 28 17
1 76 5
45 46 14
2 18 16
69 70 13
49 73 3
1 4 20
30 36 18
76 76 21
13 14 14
2 4 13
71 72 8
1 76 7
1 76 1
20 22 3
69 74 16
3 3 16
74 74 13
73 76 17
69 74 16
12 42 14
8 16 11
13 28 3
3 3 9
30 76 20
6 36 2
1 2 20
24 73 19
72 72 8
62 64 12
17 28 9
2 19 3
36 48 16
73 76 10
76 76 15
55 62 12
17 19 11
1 7 13
76 76 21
45 45 14
18 28 9
36 37 16
7 10 1
48 54 14
69 70 13
38 43 10
76 76 21
57 23 7
200
1 11 19
10 23 23
1 57 13
44 57 19
33 41 8
1 57 13
7 11 19
1 16 16
40 52 23
21 24 16
1 40 9
3 57 12
43 44 18
57 57 22
33 57 15
57 57 7
9 52 4
10 57 20
15 55 7
53 55 9
21 26 21
4 17 10
39 55 16
1 14 23
36 39 8
1 57 1
21 25 21
1 5 3
14 30 19
5 27 22
3 3 11
48 49 7
6 6 21
6 12 3
26 26 21
44 49 9
13 15 11
55 55 10
11 15 6
39 53 17
2 23 22
16 20 11
4 55 14
48 57 17
18 31 5
1 57 5
1 19 21
43 45 2
11 12 11
14 16 22
5 10 11
39 57 17
1 7 21
2 7 22
1 2 14
1 32 16
37 44 5
1 42 18
47 57 19
57 57 7
29 57 3
57 57 22
18 37 6
15 30 23
1 2 14
2 26 15
26 40 14
33 33 9
2 17 20
1 57 1
17 29 9
3 50 7
44 57 19
57 57 7
51 57 9
48 57 2
22 56 20
2 2 14
4 16 16
31 37 23
54 57 16
1 2 14
1 50 7
2 2 11
39 55 16
1 2 14
1 42 18
57 57 22
19 37 17
5 7 21
1 30 4
11 35 10
1 30 4
23 57 11
57 57 3
4 7 22
8 52 1
40 47 7
4 52 10
37 54 8
40 48 23
42 42 2
38 41 2
9 22 8
3 57 12
57 57 22
1 10 16
5 7 8
32 34 13
13 29 9
3 10 21
5 38 1
28 55 22
1 2 14
36 52 10
20 25 2
6 25 14
8 50 7
2 57 5
45 57 18
39 55 16
55 56 23
9 15 8
57 57 7
45 57 6
53 57 23
6 11 7
30 32 6
1 27 3
57 57 7
50 52 9
44 49 9
5 7 8
3 3 11
3 57 12
44 49 9
30 57 21
8 10 19
42 56 8
13 25 3
1 11 19
3 29 6
1 9 13
42 48 16
21 33 4
26 27 3
57 57 22
49 52 23
1 1 14
6 12 19
7 19 21
1 42 18
51 53 17
2 21 20
2 3 11
1 34 2
14 30 19
5 55 11
48 52 23
1 45 1
21 22 11
53 57 4
48 57 12
31 40 19
30 57 21
2 32 15
13 25 7
54 57 10
3 14 23
57 57 22
5 37 17
1 16 16
1 5 3
2 2 11
40 51 8
1 10 21
57 57 22
1 16 16
56 57 9
5 23 17
24 26 21
38 57 2
27 28 8
29 56 3
2 2 14
21 24 21
2 57 15
7 23 22
21 26 21
29 40 19
16 22 8
11 35 10
43 47 2
25 44 6
57 57 22
42 43 2
10 26 8
56 57 14
1 43 7
1 50 7
