5
74 50 34
94
17 51 33
9 57 42
30 74 39
3 50 41
66 74 22
28 30 36
8 44 30
73 74 25
73 74 31
13 33 8
74 74 19
36 74 28
22 36 18
13 31 32
29 45 7
5 15 31
23 32 14
4 40 25
5 24 9
46 64 37
74 74 19
35 74 9
62 74 37
34 74 1
36 74 27
18 58 44
14 26 11
51 67 7
56 74 50
66 74 21
32 49 22
4 28 13
3 46 4
7 61 23
57 69 4
64 72 49
35 72 12
29 55 17
72 74 35
65 69 29
62 71 25
14 49 21
27 34 49
20 69 48
67 74 17
74 74 40
24 50 34
55 58 40
38 55 19
53 72 49
5 41 24
12 37 40
36 56 2
37 68 46
2 25 47
71 74 30
37 63 31
73 74 7
71 74 18
73 74 10
62 74 2
23 64 10
59 74 43
51 61 21
61 74 8
55 72 6
16 54 39
30 39 47
34 41 37
46 49 36
34 53 50
43 51 27
41 44 25
74 74 33
68 70 16
35 43 35
12 31 22
14 49 21
74 74 42
4 44 6
34 65 13
71 74 18
20 69 44
4 41 5
34 41 37
7 15 17
20 57 3
21 74 15
38 74 26
65 74 14
21 56 43
39 67 38
71 74 45
52 53 8
70 80 27
112
23 29 28
1 26 19
57 70 4
52 70 67
18 21 79
57 70 35
33 38 11
66 70 17
30 51 3
70 70 54
1 12 25
67 70 48
68 70 5
43 62 45
57 58 54
43 54 34
45 48 60
26 26 51
57 64 13
2 13 77
54 61 28
7 9 41
49 70 39
13 15 12
38 70 65
38 60 8
4 19 43
28 52 69
57 70 7
15 17 58
45 54 59
47 61 44
2 37 38
27 50 77
15 33 71
36 53 6
1 18 68
68 70 69
56 65 54
3 14 62
64 65 52
33 45 34
8 9 52
3 20 18
6 27 33
59 70 30
33 34 48
64 67 47
42 50 72
23 47 40
4 29 32
29 43 24
64 70 9
38 48 66
27 29 74
51 57 16
40 58 73
15 26 71
1 15 55
63 70 37
24 38 70
41 55 11
34 35 5
53 68 26
4 33 8
26 36 46
17 33 46
11 28 56
51 70 66
62 63 56
8 28 20
57 70 25
39 68 63
4 29 30
10 13 5
68 70 43
47 51 35
70 70 6
2 47 39
20 31 34
51 67 5
31 41 62
3 22 28
40 50 48
30 49 33
13 39 42
16 24 77
3 27 63
10 20 15
59 63 1
23 36 65
27 49 41
53 70 10
4 31 9
12 33 45
68 69 48
38 56 20
33 52 2
70 70 57
70 70 45
68 70 47
68 70 43
61 70 71
18 61 31
36 53 6
38 68 64
70 70 14
1 36 37
25 44 4
2 33 10
35 53 13
26 30 51
69 67 75
94
35 41 42
40 42 32
34 56 9
41 42 39
65 69 16
1 2 39
34 36 27
69 69 65
67 69 55
24 54 5
48 51 43
2 66 53
7 57 63
33 35 4
62 69 43
9 36 46
55 65 27
43 69 67
42 55 28
29 54 11
15 17 4
10 16 16
3 53 7
43 69 15
39 45 51
68 69 27
1 40 59
35 56 34
28 65 52
69 69 39
15 16 32
8 32 21
4 29 65
10 33 45
30 61 40
43 69 41
51 69 56
9 23 8
26 47 36
69 69 8
5 37 50
31 35 15
3 17 42
31 44 66
30 31 3
30 47 16
57 69 33
25 55 8
69 69 17
30 69 31
14 30 48
45 69 6
43 63 38
68 69 19
46 69 4
32 69 30
49 50 49
60 69 28
22 63 37
24 54 5
24 69 18
51 69 14
9 24 1
31 42 48
23 59 60
34 35 15
28 52 10
13 28 2
23 62 19
33 69 29
54 69 24
1 47 58
14 32 51
10 25 26
30 30 65
40 66 13
3 13 5
40 66 13
67 69 55
4 29 14
12 66 61
15 34 47
55 69 3
11 43 17
27 47 64
25 67 20
28 69 54
47 52 44
22 58 62
51 69 48
34 37 27
26 54 22
8 32 26
60 69 1
56 62 27
85
21 52 40
1 12 45
8 27 46
5 8 28
56 56 21
5 8 28
8 56 18
3 27 23
55 56 3
8 56 5
6 21 57
41 51 43
8 51 38
29 42 24
26 31 35
8 9 30
56 56 57
14 15 24
14 38 8
42 56 22
28 56 15
7 17 1
8 35 4
46 56 62
12 56 16
37 56 9
2 27 51
25 28 61
2 21 50
12 43 41
15 26 27
2 13 53
37 45 1
13 40 54
23 56 20
8 44 3
32 56 10
33 45 46
3 21 11
13 40 22
49 56 50
51 56 56
56 56 54
30 56 29
52 56 34
32 35 9
35 45 21
1 21 56
15 46 17
17 38 2
15 23 48
45 56 35
35 56 30
32 56 47
8 32 36
4 28 59
5 17 52
35 48 49
52 56 12
6 52 16
28 56 14
19 52 7
30 55 44
15 18 14
29 56 14
8 56 18
19 56 6
23 24 19
25 48 26
26 35 56
25 47 53
1 21 56
46 56 45
15 26 60
27 56 1
5 6 42
14 24 44
51 56 59
23 51 39
8 53 33
39 56 31
9 18 55
16 17 7
9 16 47
45 49 41
76 92 38
122
1 26 57
14 42 1
71 76 27
1 47 54
40 76 76
13 54 51
73 76 5
32 45 4
37 40 77
75 76 92
75 76 46
15 24 12
74 76 61
26 31 13
35 61 49
22 65 88
72 76 91
6 47 59
30 60 21
69 76 58
32 44 2
43 53 39
51 76 37
43 70 31
23 36 77
18 54 44
7 9 27
49 76 63
64 76 72
3 45 60
53 63 17
75 76 23
57 76 71
35 37 7
6 37 53
10 76 84
12 48 70
38 47 90
23 26 31
3 11 56
9 14 2
10 54 22
49 76 63
31 41 67
49 64 48
49 54 60
55 71 71
72 74 57
30 45 38
31 37 92
59 62 39
36 52 28
66 73 28
26 37 44
51 76 55
6 26 68
44 53 15
8 22 11
14 20 27
13 54 50
41 60 80
35 37 85
58 76 11
22 70 18
72 76 73
5 44 61
24 55 58
5 20 88
72 76 57
13 54 50
22 29 37
62 67 15
15 43 5
59 63 39
21 63 89
12 53 85
2 12 35
15 42 9
22 51 86
69 76 79
14 57 24
32 68 30
47 75 66
21 74 40
51 58 73
59 76 2
26 31 66
69 76 54
1 3 92
19 40 26
40 52 14
32 40 53
11 52 83
56 76 35
46 66 46
29 31 71
13 46 17
24 25 25
4 5 21
66 76 51
26 73 19
72 76 1
59 76 69
51 74 74
74 76 92
46 76 45
14 28 76
17 42 39
29 75 20
18 45 75
22 64 87
66 72 27
50 54 64
13 53 52
60 76 61
14 57 23
2 8 82
4 33 11
65 76 28
3 6 33
57 76 6
29 30 31
