7
108 107 59
278
108 108 74
99 108 67
63 108 85
2 108 93
6 100 15
55 81 96
67 108 91
25 30 24
104 108 24
84 108 22
39 63 94
70 77 33
9 12 67
24 25 19
19 108 62
17 31 94
32 39 90
74 108 94
23 82 36
89 108 107
3 108 13
56 75 3
100 108 81
87 108 70
8 62 10
102 108 31
44 87 41
2 29 34
99 108 49
79 108 20
81 108 66
21 83 77
99 108 82
12 95 102
7 108 40
97 108 48
43 108 23
22 108 99
12 95 102
14 26 103
11 48 63
57 105 54
61 82 83
80 108 103
25 29 5
106 108 53
80 108 21
66 81 10
10 31 33
52 59 83
10 108 84
24 108 71
74 108 17
24 60 92
97 108 55
95 108 47
56 108 32
61 90 92
66 72 63
12 96 49
28 49 35
4 19 43
11 108 7
9 26 50
15 46 75
4 101 72
3 108 88
6 26 54
15 22 69
15 65 81
20 54 14
33 37 4
3 73 16
47 108 2
21 53 23
1 7 30
61 75 34
5 25 36
92 108 3
51 108 29
93 108 19
20 76 103
35 37 45
53 108 97
10 35 97
2 61 85
57 82 34
53 108 79
6 108 79
17 57 70
6 39 83
75 99 57
25 90 89
66 72 63
13 35 22
15 65 81
11 108 39
20 97 43
3 7 55
20 108 11
19 102 98
28 65 12
24 85 48
50 108 8
17 108 27
106 108 98
28 108 30
1 108 61
27 108 25
40 60 55
80 105 101
5 101 74
19 27 67
35 108 104
22 23 56
2 12 38
66 100 53
13 108 16
7 108 37
55 81 96
29 108 56
88 108 41
83 108 9
97 108 36
17 108 42
7 45 83
32 56 101
10 108 84
108 108 96
102 108 31
26 64 66
76 103 63
51 108 105
93 108 19
45 85 12
18 35 94
27 49 64
42 100 65
6 108 73
34 35 4
31 108 20
26 108 76
2 85 82
20 108 50
4 8 48
51 108 75
22 67 30
7 108 37
1 7 30
1 108 59
99 108 1
54 108 38
7 108 52
21 73 44
94 96 69
96 108 77
65 94 14
4 21 34
29 108 56
3 88 78
73 94 35
88 101 33
38 54 34
62 95 69
30 45 29
1 95 11
12 65 53
59 108 45
65 100 90
12 96 49
45 99 28
4 28 27
101 108 15
29 49 8
71 108 86
37 41 91
102 108 72
83 108 9
58 104 75
26 51 46
17 96 47
78 108 80
13 26 55
51 108 29
52 59 83
15 46 75
14 31 90
79 108 10
6 67 58
11 48 63
56 59 90
28 39 55
10 108 68
49 108 4
73 104 76
14 46 69
3 7 55
24 25 19
98 108 82
56 59 90
1 108 18
75 108 6
16 53 82
108 108 28
28 43 67
97 108 55
67 77 31
85 88 66
38 39 22
52 108 46
42 61 22
11 46 2
81 96 88
84 89 77
32 56 101
14 24 41
65 88 95
33 88 107
28 108 106
67 108 90
100 108 57
1 108 60
62 82 25
100 108 77
14 108 51
3 20 6
28 108 106
5 101 74
2 104 100
56 108 32
5 69 6
25 62 57
3 18 48
6 69 80
40 44 29
96 108 12
31 59 65
42 61 22
32 38 33
103 107 24
95 108 5
28 79 21
2 61 85
1 34 45
22 108 99
2 108 93
108 108 43
91 106 67
103 104 48
8 108 87
4 43 96
8 71 9
88 101 33
15 95 31
105 108 100
102 108 63
30 65 5
59 108 58
22 90 26
9 64 3
70 77 33
73 94 35
74 87 55
8 54 95
4 59 66
32 65 89
74 108 44
59 108 64
3 73 17
107 108 53
15 70 86
39 107 4
23 102 40
7 11 47
2 98 1
38 54 34
27 85 19
6 26 54
148 146 36
613
85 130 58
46 148 45
25 42 86
101 107 10
94 100 15
146 148 87
129 148 52
96 116 138
59 85 118
12 42 105
53 141 29
145 147 76
128 137 94
20 52 9
74 126 17
115 123 118
144 148 4
29 38 107
91 121 132
126 139 93
131 143 96
71 83 49
51 52 81
140 148 121
79 108 79
45 60 43
124 141 108
27 30 63
24 44 99
116 122 137
148 148 111
79 118 6
70 98 69
136 140 107
29 29 17
78 110 89
32 39 53
21 27 53
131 148 68
97 105 38
40 119 44
57 90 125
5 29 137
11 27 115
123 127 79
36 59 96
83 93 100
18 35 3
51 148 25
26 45 62
86 127 113
128 147 82
132 148 134
116 147 139
74 101 9
26 63 103
132 148 56
97 148 81
19 23 61
32 122 127
139 148 12
72 133 70
72 77 89
115 146 131
3 28 48
70 121 52
101 134 109
75 78 62
76 91 134
142 148 120
17 41 39
34 81 110
100 130 76
32 32 125
31 57 8
133 146 40
33 33 48
144 148 40
7 9 116
130 146 27
10 30 132
6 22 106
128 140 124
73 148 13
3 34 10
32 33 48
127 135 53
88 129 26
84 103 83
103 106 91
70 72 34
62 74 95
78 108 42
27 38 42
139 148 133
2 10 92
110 148 2
34 56 2
23 38 68
78 107 124
30 32 125
76 77 38
74 78 62
84 108 60
74 126 17
36 134 46
37 55 131
28 33 141
133 148 44
148 148 15
72 83 60
140 148 121
141 146 6
22 26 11
59 85 92
96 101 65
34 62 65
82 121 19
128 148 94
45 76 56
1 19 49
5 13 25
37 109 90
6 11 107
38 77 113
62 84 142
75 104 145
97 135 107
12 16 113
43 49 7
63 68 19
17 20 61
15 37 56
17 65 36
46 148 45
109 110 42
53 79 143
78 107 124
48 63 46
145 148 39
81 121 20
99 102 114
141 148 30
137 143 4
143 148 145
68 118 122
23 29 106
52 82 61
83 101 126
105 148 14
12 19 107
55 92 143
17 50 133
94 119 125
45 137 21
147 148 131
22 29 68
98 122 118
9 12 94
19 29 83
74 94 30
129 148 52
61 90 111
112 126 105
144 148 41
22 29 4
59 121 128
124 142 137
81 105 73
96 109 2
106 126 40
93 148 144
11 36 84
34 56 2
64 121 86
84 103 83
80 98 19
25 32 43
139 148 143
25 42 107
91 120 32
98 114 129
124 130 85
132 148 134
134 138 20
17 36 25
73 148 13
85 115 94
70 73 35
135 148 109
137 148 79
132 145 38
113 116 5
51 75 83
6 6 129
17 41 39
53 54 94
54 65 10
51 80 78
118 135 1
37 71 131
75 80 77
39 55 144
88 129 26
119 148 78
39 78 55
71 83 49
84 120 28
137 137 125
86 127 91
4 31 23
35 42 45
5 11 39
148 148 53
51 78 114
37 148 123
62 66 73
109 148 83
85 115 94
129 148 6
13 18 38
71 77 135
6 7 129
27 68 38
14 28 14
51 58 81
26 40 51
108 117 101
119 148 98
86 113 27
39 136 18
38 54 100
130 134 78
28 30 126
3 4 79
21 45 100
88 148 7
56 89 97
26 63 103
18 35 67
118 124 74
24 39 51
127 130 68
83 92 35
14 28 14
56 107 106
129 132 86
83 103 82
78 123 99
37 148 123
118 132 145
33 38 144
145 146 39
110 138 92
6 37 73
36 126 23
57 74 20
15 24 93
83 113 78
88 148 7
71 108 59
63 67 54
81 109 56
6 12 94
79 96 69
117 148 37
2 47 66
133 148 103
91 101 65
109 118 134
45 49 99
22 30 102
94 119 125
43 50 136
45 72 71
105 109 145
15 68 35
64 89 139
46 51 62
130 133 141
33 63 80
124 125 53
66 84 88
140 148 33
121 133 120
118 148 50
124 127 44
29 29 32
61 72 68
68 68 16
125 148 137
13 50 134
120 148 77
6 7 113
116 142 106
148 148 132
3 76 12
82 99 8
60 66 101
84 95 139
39 58 40
45 61 40
67 80 130
97 97 14
54 55 17
58 60 119
46 82 82
120 144 100
86 139 49
74 97 103
93 98 35
11 36 64
55 63 68
147 148 124
55 72 77
75 82 4
5 60 6
52 148 31
38 38 130
37 109 90
113 148 34
74 103 74
59 85 118
13 15 38
68 70 126
107 112 41
69 109 51
94 122 96
69 77 33
43 43 105
130 134 93
90 97 136
37 62 54
123 133 4
36 69 74
40 119 44
99 145 33
75 80 77
28 74 98
20 25 76
140 148 58
119 128 103
144 148 41
130 148 130
11 36 84
41 46 85
42 61 104
44 75 56
73 77 103
12 42 42
40 67 132
139 148 12
71 100 58
99 99 67
132 148 55
17 34 132
87 114 95
29 46 70
80 111 53
103 103 104
15 41 70
12 58 26
7 42 32
41 108 93
31 36 102
7 9 116
99 101 114
90 123 61
110 110 56
3 4 79
17 36 25
27 71 138
142 148 35
108 113 106
58 77 27
137 148 79
94 130 134
35 115 24
143 148 105
123 132 72
3 18 60
46 56 6
54 57 139
81 138 57
147 148 47
132 148 59
27 71 138
12 35 26
105 146 9
37 63 89
143 148 126
30 32 4
91 111 100
94 129 141
83 104 63
49 51 39
86 90 40
147 148 49
137 148 136
110 112 4
18 35 3
1 19 49
34 106 115
147 148 47
11 16 64
114 132 145
75 82 4
44 78 78
128 145 122
114 148 90
93 117 41
6 9 113
143 148 36
62 96 108
110 112 4
111 148 71
76 143 101
78 85 5
102 112 10
144 146 3
76 148 129
122 132 132
51 97 120
88 98 67
26 98 37
83 138 36
13 62 19
49 72 79
91 98 77
5 29 137
123 148 51
36 42 76
31 35 1
116 129 24
29 53 114
124 125 53
147 148 84
5 11 39
58 60 119
106 119 116
109 148 66
18 20 11
14 25 95
95 106 87
113 127 74
32 43 133
85 89 119
79 104 43
59 63 57
67 80 130
105 133 143
46 70 77
31 31 63
139 148 17
26 53 135
51 66 137
148 148 112
134 138 17
71 118 59
137 148 136
59 63 57
105 146 9
43 52 95
20 36 29
20 30 16
148 148 26
134 142 105
116 143 3
33 49 109
145 148 23
132 148 55
111 146 102
19 25 77
132 148 59
141 146 142
26 53 135
10 74 97
69 80 116
38 119 47
73 76 71
45 58 111
51 71 109
7 16 141
139 141 74
29 35 104
78 110 64
19 109 22
79 108 79
90 112 68
145 148 23
15 21 119
126 140 32
20 25 76
147 148 20
129 148 74
5 38 50
53 54 94
53 56 67
126 132 124
143 147 87
5 13 25
58 79 41
144 145 142
31 42 91
134 138 20
85 95 138
22 40 9
120 144 100
55 56 67
18 21 95
11 27 115
101 132 146
71 97 74
85 88 131
109 117 72
102 147 140
97 119 54
102 121 126
4 31 23
12 40 85
55 65 66
58 68 1
123 127 44
139 148 141
37 49 10
141 148 30
145 147 76
91 92 86
26 48 79
30 89 76
105 109 43
2 28 17
90 95 119
44 63 73
133 148 44
56 68 3
13 23 136
41 72 83
73 148 48
91 110 11
44 45 33
25 32 43
73 83 33
136 148 38
130 147 111
69 109 51
121 141 133
69 70 126
109 131 88
139 148 92
86 135 117
133 135 1
45 75 105
98 98 14
50 50 10
132 136 125
51 110 50
74 101 9
39 136 18
93 96 38
19 42 116
49 148 85
81 142 28
111 140 67
7 19 56
24 56 12
74 80 5
5 17 11
93 148 144
35 52 96
24 78 72
62 96 108
33 57 7
113 134 79
22 26 11
84 128 63
147 147 20
89 110 115
136 137 122
55 65 66
66 70 16
81 105 73
84 97 137
12 138 30
17 34 45
78 78 38
8 13 90
38 55 1
129 129 76
14 65 112
67 71 101
117 130 4
64 104 39
28 45 8
103 104 104
126 147 98
44 56 93
46 50 134
11 59 87
143 148 58
66 86 112
136 136 53
140 147 15
63 93 96
39 71 84
12 39 130
58 80 116
14 32 126
25 44 111
79 105 87
115 148 37
24 82 15
37 60 15
129 136 56
419
111 129 69
7 126 2
129 129 18
13 91 89
126 129 9
19 78 39
101 102 79
89 102 136
5 129 64
37 89 27
28 72 45
74 129 14
9 57 71
118 125 105
121 129 26
57 113 118
1 43 10
14 34 105
114 121 12
63 68 88
77 81 46
122 125 3
9 129 4
17 40 33
48 129 41
50 71 42
103 129 127
12 27 51
119 129 3
11 105 3
100 129 76
35 36 51
112 129 42
13 28 13
34 71 130
6 75 106
108 109 95
124 124 52
56 122 66
116 129 68
71 106 113
87 129 29
95 129 85
80 116 128
61 126 71
56 60 26
36 96 111
46 90 117
2 129 77
97 129 130
15 68 49
24 129 35
23 37 125
38 80 132
33 38 32
98 123 58
9 129 54
115 129 121
35 90 12
57 113 118
124 129 58
32 47 133
81 129 132
4 94 75
25 40 94
3 89 85
90 129 102
47 90 25
125 127 91
129 129 18
5 6 81
112 129 16
18 129 43
37 129 126
103 129 127
17 40 33
40 65 52
56 105 100
52 55 58
35 36 51
5 76 102
38 106 13
8 9 42
73 101 81
115 129 59
16 82 70
115 122 63
78 115 68
39 99 67
89 91 69
129 129 134
2 71 86
22 23 18
21 92 65
125 128 32
1 52 88
8 9 9
110 129 92
129 129 134
101 115 49
61 129 28
3 108 90
33 35 112
10 30 101
60 86 29
13 129 8
124 129 32
41 86 98
12 23 45
34 45 53
116 129 74
106 128 94
65 66 136
2 33 82
58 123 112
1 129 1
37 124 65
116 129 113
129 129 117
108 113 133
27 42 119
60 82 131
21 129 96
1 43 10
24 129 61
15 110 93
68 70 74
126 129 105
21 22 5
9 57 71
111 124 59
4 78 20
111 129 69
52 129 55
124 129 53
37 129 126
2 50 97
98 129 6
52 95 67
106 129 95
3 93 40
81 129 111
84 129 131
48 129 41
12 27 51
55 68 87
124 128 74
32 129 38
89 100 123
1 39 124
126 129 84
50 129 36
20 55 72
23 57 59
71 106 113
84 87 123
21 129 96
104 129 20
109 122 16
90 98 127
112 120 129
108 129 80
2 79 69
2 97 44
14 15 91
23 39 79
64 129 10
88 89 20
1 49 57
109 117 13
82 92 106
56 124 122
34 47 82
12 129 17
116 127 53
118 128 128
1 68 87
6 121 78
9 110 63
100 129 76
82 116 87
49 89 127
118 129 62
101 102 105
1 10 9
21 36 19
127 129 19
47 108 62
87 110 52
73 106 108
112 115 13
122 129 106
84 117 47
119 129 128
87 115 98
3 48 29
12 23 45
73 75 45
66 67 57
5 26 92
2 129 110
4 129 21
113 129 47
89 129 79
60 102 18
68 69 81
33 122 120
72 80 50
124 129 27
29 94 7
75 129 107
87 129 50
48 59 128
2 32 32
95 129 85
16 50 121
21 38 19
6 26 106
32 40 53
89 97 115
56 122 66
3 4 17
65 66 136
30 118 117
21 65 73
9 129 4
61 83 52
73 129 57
109 129 46
36 109 92
12 24 100
124 127 52
9 70 24
24 48 42
1 2 17
87 110 52
101 102 105
118 129 5
21 22 5
14 45 26
2 16 84
114 117 70
5 52 48
54 69 115
9 129 25
7 68 76
35 37 128
26 129 31
57 81 58
129 129 19
75 107 133
4 53 47
33 111 84
56 60 26
65 129 30
15 57 18
65 94 56
3 48 29
41 129 103
40 70 124
128 129 75
9 70 23
3 48 93
63 86 94
87 129 135
50 72 91
112 116 24
114 114 134
14 28 120
123 124 60
127 129 71
79 90 39
51 55 113
121 129 129
8 9 42
11 21 100
46 51 135
74 76 105
41 61 125
82 103 73
13 63 95
61 129 99
47 62 94
10 16 59
52 67 62
73 94 51
23 70 46
100 128 51
66 69 57
126 127 75
59 94 42
16 50 121
71 128 48
117 121 70
41 67 38
113 129 24
48 129 122
103 111 18
3 31 68
21 65 73
102 129 44
53 63 48
26 129 116
8 54 30
61 129 99
29 87 97
73 129 23
33 70 6
22 30 89
80 129 119
41 129 103
125 127 91
122 125 84
97 129 130
71 129 125
12 129 22
12 129 22
107 129 51
2 64 108
46 57 135
84 87 123
63 76 112
10 16 59
77 113 134
16 129 37
15 68 49
111 121 46
126 129 87
90 129 109
113 123 6
70 94 7
93 129 39
113 115 12
29 93 6
126 129 87
58 69 121
123 129 33
6 15 31
90 91 69
30 80 86
6 75 79
119 129 13
93 129 39
16 129 37
83 86 19
46 50 113
41 56 125
14 37 105
58 79 107
47 106 104
29 63 131
66 112 108
56 129 72
56 97 129
61 117 5
9 77 64
2 79 69
33 40 94
22 29 14
14 105 55
32 125 83
37 51 14
108 118 100
91 96 12
128 129 70
91 95 86
3 127 114
73 97 115
7 68 76
25 41 129
89 127 124
10 39 66
12 23 42
50 72 91
64 129 34
85 87 20
7 126 2
29 69 17
7 36 102
115 129 81
8 89 60
39 122 11
13 129 8
16 82 70
71 77 74
29 48 36
94 129 40
22 61 16
14 29 129
63 68 88
33 35 112
50 71 50
2 97 44
32 51 14
21 34 128
90 129 97
92 116 101
96 105 9
125 129 119
73 129 23
106 109 49
92 128 82
73 94 51
106 128 20
39 119 80
117 129 101
12 51 58
58 101 59
124 129 27
37 68 120
58 69 121
123 129 60
2 8 31
10 46 41
123 129 63
32 125 83
43 51 119
26 129 31
3 129 15
111 150 52
431
78 111 53
43 44 37
72 85 81
44 45 93
73 109 74
6 58 56
48 73 20
63 98 137
18 40 41
12 16 116
73 111 67
12 39 24
67 97 28
25 46 135
3 20 66
110 111 78
2 9 138
71 84 93
2 5 150
3 47 144
43 111 128
20 73 39
87 111 150
72 111 146
8 35 68
66 100 132
33 111 62
110 111 78
67 111 75
20 73 39
58 58 146
3 34 115
3 22 27
21 39 149
42 60 139
75 111 126
42 109 26
51 95 16
52 108 66
103 111 101
37 90 148
15 111 95
100 111 94
50 111 149
9 88 11
8 35 68
32 42 96
18 89 88
103 111 119
105 109 129
102 111 47
99 111 109
9 34 125
78 111 147
4 52 103
104 109 120
13 20 23
28 50 35
77 100 79
4 52 94
7 8 29
59 111 16
52 108 66
15 111 131
49 82 47
3 33 145
12 49 91
4 111 9
40 103 97
5 18 66
22 33 22
7 86 57
6 79 106
38 40 8
102 108 32
31 68 64
55 56 123
15 88 104
10 71 143
7 82 52
61 108 84
23 45 48
55 111 65
90 110 39
12 44 109
28 37 18
5 97 10
109 110 56
89 111 31
94 111 12
3 22 132
106 111 144
9 51 79
60 74 94
25 46 135
2 44 74
95 102 109
46 85 65
91 105 130
33 54 147
22 55 112
110 111 59
35 48 115
88 88 144
44 107 18
91 106 124
109 111 59
59 74 84
59 83 109
98 111 63
58 111 54
20 72 49
96 111 88
70 95 90
17 18 150
49 65 102
21 48 47
94 111 5
19 40 41
5 31 19
3 77 45
8 78 51
5 97 10
11 68 126
20 43 28
82 88 101
90 96 56
18 78 77
96 111 102
85 94 119
71 111 125
14 38 67
55 95 80
95 97 22
44 111 108
111 111 130
40 54 27
5 84 49
41 81 44
43 97 138
21 94 46
3 17 146
5 19 114
111 111 104
64 111 115
32 101 105
8 86 59
27 111 114
38 43 93
39 94 120
8 77 53
1 8 29
10 111 15
3 41 122
97 111 11
35 102 25
11 53 73
19 28 86
109 110 56
111 111 14
22 84 119
44 64 85
15 88 104
72 81 70
6 58 56
24 111 140
15 91 141
100 111 110
83 111 52
31 111 40
55 106 127
97 97 56
28 38 18
58 71 116
85 111 143
58 111 86
72 81 33
24 111 1
24 29 86
37 69 76
111 111 44
79 100 82
46 58 13
51 54 32
3 14 42
99 111 90
70 104 27
110 111 80
71 87 144
1 39 127
75 98 126
46 71 44
68 79 73
83 103 63
99 111 93
57 64 124
41 94 92
42 71 19
1 75 118
58 111 86
36 46 6
98 111 106
2 43 85
82 109 31
7 39 30
57 94 80
53 81 101
58 111 54
70 111 122
91 111 69
3 8 3
57 58 146
48 58 125
15 45 28
50 104 17
52 59 5
7 58 94
106 111 141
101 111 79
26 68 130
89 111 41
35 43 90
76 93 118
5 27 2
25 31 54
6 53 116
82 111 91
26 27 42
5 108 14
71 93 110
21 30 5
11 111 50
70 111 117
16 40 55
19 104 58
5 108 14
4 20 5
6 87 12
22 72 96
1 9 138
32 111 51
89 111 45
9 11 18
65 70 110
102 106 104
1 56 71
22 111 34
61 104 139
95 111 39
9 9 40
85 111 143
94 111 49
60 65 5
19 35 79
111 111 14
92 96 11
22 29 42
62 68 124
19 50 76
9 88 11
55 111 23
43 102 1
6 79 106
68 79 73
64 111 72
49 55 125
88 111 43
46 109 148
19 111 99
52 111 113
64 111 30
55 111 37
56 101 32
51 111 13
9 111 21
79 79 5
37 111 57
66 100 132
108 111 18
84 111 83
94 111 12
31 64 117
33 98 107
18 111 55
48 73 20
107 108 124
5 111 100
71 111 125
100 100 138
26 76 62
76 105 82
24 26 105
34 34 22
44 78 38
79 111 58
9 45 110
99 100 138
3 77 45
42 45 8
111 111 44
15 73 121
72 111 50
47 111 24
45 53 109
108 111 73
33 98 107
72 111 19
42 111 4
81 111 17
10 18 1
51 52 134
40 44 37
2 111 48
102 111 105
93 111 42
24 71 33
55 61 3
110 111 120
7 8 40
97 111 135
56 64 90
9 111 60
9 18 84
53 53 70
9 59 30
79 86 5
2 111 111
78 111 64
50 69 83
77 109 22
102 109 110
2 76 12
110 111 80
75 111 76
47 111 24
83 111 103
110 111 27
30 46 142
108 111 129
42 45 8
64 111 115
3 88 36
107 110 134
18 111 7
30 111 98
101 111 36
18 49 146
74 91 136
35 61 122
39 46 5
5 18 34
8 29 78
56 83 102
56 111 145
44 45 90
19 80 21
77 99 123
26 28 24
100 111 94
68 78 68
67 105 142
111 111 104
41 46 88
37 96 129
101 111 107
54 64 90
25 53 142
89 111 45
83 101 67
91 111 69
51 111 35
41 84 69
6 10 47
103 111 101
14 47 149
35 102 25
95 111 92
85 86 90
107 111 74
55 55 147
68 81 93
109 111 85
101 110 141
109 111 27
108 111 8
54 80 28
8 32 93
21 50 136
57 58 71
9 111 60
44 96 23
58 69 116
28 111 61
1 98 134
106 111 144
6 111 133
88 104 64
100 111 33
3 27 140
3 16 42
103 107 118
76 111 116
6 23 105
19 54 70
2 111 111
66 111 71
62 111 38
32 39 27
105 111 118
10 111 87
10 21 112
64 111 97
111 111 134
74 91 136
3 22 132
43 48 145
51 54 32
37 45 5
93 111 112
14 39 38
66 84 27
60 78 68
20 38 143
36 106 89
39 111 2
55 61 3
94 107 36
64 111 30
104 109 8
21 87 72
31 64 117
130 106 67
289
2 6 72
85 109 49
114 130 48
7 74 23
55 68 46
25 124 7
48 101 106
4 87 35
16 43 28
29 48 75
27 54 5
8 75 105
43 130 92
76 86 51
15 87 78
75 98 3
130 130 59
83 130 105
112 123 45
44 54 12
64 100 98
52 130 96
1 101 95
45 124 64
96 98 32
122 123 63
78 130 71
13 35 79
11 20 82
27 41 106
7 50 76
130 130 40
77 130 44
69 109 49
23 118 13
111 130 81
94 98 45
121 130 12
4 11 36
14 124 91
34 38 50
94 130 28
55 56 12
28 61 16
27 33 50
47 130 79
83 124 43
120 130 93
41 130 101
107 130 32
10 23 98
5 56 54
44 112 48
51 76 27
9 45 62
15 27 89
31 67 31
115 130 72
50 130 47
44 130 14
29 88 8
9 105 63
83 98 42
109 130 24
127 130 18
126 130 43
86 130 37
56 70 94
127 130 60
52 130 96
26 130 20
5 86 102
49 89 62
77 99 27
109 130 69
5 72 47
11 130 84
121 130 12
123 129 40
69 130 61
52 89 28
91 123 43
113 130 3
37 130 88
11 85 4
47 51 94
5 43 29
110 114 46
87 102 57
47 70 77
106 128 67
64 130 83
8 21 56
7 11 32
81 130 6
57 61 77
7 27 97
51 130 50
120 130 7
81 130 6
26 36 2
69 114 74
4 115 22
91 93 78
29 39 27
14 74 34
19 45 74
29 130 54
19 130 57
34 34 44
106 130 45
88 91 103
87 130 104
3 114 60
23 40 42
33 40 44
100 130 29
51 130 50
23 28 89
70 130 5
66 73 2
86 115 42
36 130 58
53 130 1
32 130 39
26 48 36
21 106 17
106 130 27
10 83 73
33 76 6
122 123 63
15 92 18
90 108 62
99 130 76
21 130 70
85 130 11
3 101 24
10 83 104
53 130 56
36 43 1
29 35 81
77 98 2
32 130 52
4 87 35
115 117 46
47 51 94
3 114 60
73 130 77
25 128 85
47 85 37
64 102 67
106 130 55
13 130 64
14 95 32
12 26 106
100 130 35
6 114 25
26 66 93
26 38 12
1 72 42
1 128 10
115 115 34
127 130 60
128 130 23
8 67 43
24 34 98
16 48 55
32 33 58
1 4 91
32 45 28
34 130 41
87 130 104
51 102 79
128 130 103
16 17 99
54 130 31
8 20 9
32 70 3
5 130 33
28 48 97
11 130 84
100 130 29
29 121 68
66 130 9
23 127 26
10 130 53
33 49 81
21 97 46
35 130 75
56 61 59
10 62 11
99 127 103
79 85 16
26 38 12
13 17 99
4 130 65
55 117 55
73 130 77
66 73 2
63 130 98
23 127 26
5 35 1
27 130 87
71 130 80
72 118 89
17 88 78
4 11 36
11 16 56
15 130 82
14 114 70
34 130 66
13 19 41
28 130 22
102 130 51
92 130 97
44 116 71
21 24 77
104 130 95
117 130 16
5 11 32
56 70 94
84 91 16
71 130 38
34 130 66
9 130 4
69 70 15
116 130 25
110 114 34
53 101 81
53 130 73
102 130 106
6 130 100
11 20 77
83 130 105
44 45 29
93 115 16
31 71 67
16 34 51
17 38 83
52 89 28
126 130 43
11 37 9
17 87 45
7 63 15
2 130 21
2 6 72
37 47 62
26 66 93
44 65 10
69 114 74
62 63 16
112 130 49
21 98 40
130 130 78
12 15 51
27 130 99
15 114 72
49 98 36
129 130 85
19 31 58
3 130 19
9 53 30
43 128 59
94 98 45
15 23 87
1 101 95
127 130 18
3 130 86
5 10 91
50 130 30
71 99 93
130 130 78
57 94 29
39 59 83
53 130 1
21 108 69
84 130 94
23 130 90
102 130 51
89 130 15
93 130 102
12 80 103
86 112 80
95 120 35
12 68 61
14 124 91
102 130 2
3 31 3
3 130 86
104 133 69
336
5 48 77
69 104 91
57 104 32
35 90 14
86 95 70
18 19 43
6 53 118
24 104 29
45 85 98
101 104 5
14 104 76
3 73 87
45 104 133
7 34 102
102 104 2
12 104 85
13 104 21
16 63 62
74 101 19
2 12 123
37 104 74
101 104 87
52 59 40
42 86 72
36 91 101
4 88 107
6 104 59
39 92 68
2 104 27
22 22 34
34 51 42
1 5 26
47 71 80
21 53 67
14 104 76
24 104 29
101 104 17
96 104 124
5 104 92
9 11 98
93 104 129
83 95 99
31 104 16
9 104 64
92 104 70
33 104 110
1 3 75
19 104 3
30 97 26
92 94 89
40 73 105
63 104 42
84 104 105
44 51 79
82 104 104
79 88 34
68 88 2
31 101 125
96 104 124
96 101 2
25 76 109
16 35 70
92 104 20
23 32 20
16 104 130
1 65 94
28 45 43
74 95 127
90 100 50
98 103 73
31 72 61
1 32 95
4 92 92
1 104 51
38 40 9
6 19 82
77 104 102
37 44 40
2 10 43
58 104 84
6 17 20
13 30 126
104 104 31
74 103 113
15 41 67
74 87 87
35 72 99
12 62 10
102 104 8
104 104 99
20 43 79
40 73 105
69 104 111
20 71 19
40 41 82
77 98 30
9 16 98
41 80 10
2 63 23
39 104 78
31 89 8
34 55 11
100 104 23
78 104 4
1 3 75
69 104 62
77 104 82
87 96 117
33 104 7
100 104 123
8 27 96
39 104 101
24 104 49
20 77 108
12 54 2
1 104 52
75 103 18
4 104 37
55 104 67
6 66 39
61 72 86
6 104 112
36 104 43
58 104 115
4 49 103
6 10 17
79 104 11
93 104 30
25 92 86
78 104 128
104 104 12
18 104 35
11 16 8
13 37 9
52 91 12
12 87 63
103 104 5
98 102 34
89 104 40
65 66 34
12 81 119
4 37 2
4 61 60
1 65 94
95 104 34
97 101 4
95 100 10
5 64 71
1 104 51
11 104 15
2 104 27
83 98 48
54 104 95
26 104 116
31 91 81
26 86 89
5 39 115
1 90 45
14 36 65
19 87 118
70 86 62
18 104 132
33 59 18
31 89 8
69 104 91
46 51 98
1 5 26
44 83 9
54 62 103
37 91 20
1 9 99
66 104 69
93 97 66
68 104 103
13 104 117
14 104 93
91 104 45
88 104 44
23 104 121
23 104 1
67 104 39
54 65 103
18 25 133
54 79 110
27 66 104
6 62 83
65 104 60
52 104 97
1 68 66
67 67 34
58 103 102
68 88 2
7 104 41
7 104 33
20 71 19
7 34 102
55 71 12
13 30 126
85 87 42
92 104 126
104 104 31
13 94 5
19 69 129
16 100 17
31 104 54
7 45 84
89 104 105
76 97 94
29 87 44
30 97 26
15 26 81
89 98 107
94 104 9
74 104 78
22 85 96
26 27 14
88 98 40
74 83 46
6 86 49
14 87 132
87 89 61
91 104 118
19 25 42
57 104 24
15 27 12
93 104 89
11 47 11
1 8 103
7 21 13
25 73 46
27 104 55
2 44 88
24 36 73
90 104 13
1 9 99
50 104 90
19 104 22
28 104 75
22 41 72
85 86 40
7 104 41
84 84 40
57 79 99
9 104 122
97 104 10
8 104 48
87 104 94
14 70 69
6 104 53
6 84 124
33 104 106
1 104 57
22 104 25
63 104 77
34 51 42
63 69 28
83 94 99
83 97 112
32 39 82
32 104 65
52 77 128
19 25 42
1 85 131
97 104 18
37 82 73
34 104 100
33 93 116
13 94 123
26 28 14
51 51 66
78 104 108
88 104 113
6 17 20
1 57 56
1 104 38
100 104 63
30 104 56
28 31 12
63 104 77
45 66 61
65 104 71
77 104 82
51 70 21
18 104 35
8 104 119
104 104 12
53 58 127
91 104 14
79 104 11
82 104 104
1 104 57
91 104 66
103 104 61
22 67 13
31 70 30
19 52 127
25 95 109
10 44 40
6 104 120
41 72 111
63 104 114
95 104 13
62 104 79
4 75 50
12 104 85
13 43 91
64 104 83
6 104 120
98 104 80
4 104 47
36 48 70
34 56 24
1 104 58
45 104 133
9 21 34
7 11 17
104 104 99
31 91 81
91 104 80
97 104 73
8 44 31
4 20 1
36 54 90
27 66 104
3 51 97
13 47 129
4 99 36
74 104 127
4 61 60
83 91 5
97 104 50
9 73 37
13 62 114
3 104 28
4 75 50
36 47 102
145 138 43
558
60 61 44
21 111 103
22 87 111
68 145 47
143 145 17
126 134 61
92 95 15
52 95 81
46 77 84
3 36 59
61 124 8
132 141 123
1 28 7
145 145 6
113 145 106
103 103 130
51 117 52
140 143 33
129 133 38
26 32 119
66 114 53
20 22 104
14 53 20
4 16 33
57 118 76
95 108 76
39 114 42
140 145 104
121 145 34
60 74 56
101 125 103
58 66 90
100 138 66
105 145 122
27 79 72
59 109 50
25 53 94
12 44 93
24 27 54
36 46 76
5 19 116
33 34 119
60 61 101
143 145 17
90 112 62
130 132 137
89 137 131
89 104 133
130 139 8
23 25 19
132 145 137
104 116 83
14 43 17
61 124 8
135 141 104
48 56 21
87 98 26
1 2 94
131 141 72
109 118 120
45 130 80
41 75 18
69 128 113
23 74 40
66 93 63
90 110 101
82 82 134
106 119 108
24 27 54
139 145 56
13 35 4
20 66 114
123 145 111
57 67 95
89 104 13
58 102 130
128 141 48
52 60 2
24 28 2
104 136 89
123 135 2
37 43 90
9 16 134
42 48 113
122 145 91
39 46 24
112 119 108
4 103 58
129 145 42
1 24 49
8 46 6
104 136 88
2 83 110
32 88 30
140 143 57
14 25 73
42 96 31
72 93 49
97 102 104
27 51 15
28 63 49
25 100 48
42 48 113
71 84 49
95 107 106
1 61 121
52 55 102
91 92 107
118 122 81
139 145 71
27 46 22
136 145 117
79 79 46
145 145 78
101 145 135
122 145 42
104 136 88
12 76 39
119 138 123
39 74 135
35 45 105
123 130 81
94 95 100
123 145 32
58 98 119
126 131 130
6 23 92
142 145 83
1 42 10
79 87 87
127 145 85
84 129 78
27 56 95
65 81 64
70 104 51
72 110 54
125 128 87
10 42 43
72 72 125
139 145 57
78 116 39
19 80 29
3 34 129
24 29 23
72 121 2
93 110 104
110 145 118
118 123 104
16 26 3
2 32 67
80 93 59
3 37 75
127 144 97
41 50 20
116 121 128
48 91 66
31 37 62
79 86 116
98 145 35
25 38 24
100 124 29
17 69 12
139 145 33
8 18 71
14 89 38
1 34 21
34 54 96
73 82 73
145 145 123
3 13 23
10 76 137
95 115 43
42 50 19
64 67 126
20 30 2
144 145 93
8 117 34
119 145 46
19 36 13
14 43 17
144 145 90
128 145 107
19 45 96
109 145 109
58 78 6
137 145 100
41 112 33
15 20 22
3 36 90
142 143 71
134 137 84
13 35 4
104 104 46
10 25 99
3 47 66
45 49 134
129 145 39
62 96 79
43 56 124
1 28 7
3 37 75
105 109 75
33 67 28
37 44 19
127 130 124
45 45 116
72 110 54
36 46 76
144 145 1
63 104 60
26 42 124
86 138 70
59 75 26
46 59 40
144 145 31
52 105 127
98 103 38
18 72 72
40 49 59
122 124 84
23 103 42
109 145 109
38 79 60
34 69 73
3 13 23
2 92 88
141 141 6
11 49 81
40 51 102
87 88 84
23 24 119
56 75 120
135 139 100
63 145 16
61 78 70
30 56 78
56 127 17
55 57 126
76 83 43
19 82 98
130 145 3
138 145 67
139 141 56
56 128 20
57 57 78
134 145 77
89 100 100
26 131 138
79 86 116
118 123 104
96 145 37
111 131 92
145 145 68
58 63 24
14 37 52
8 55 79
25 54 11
20 26 116
72 145 124
40 42 14
112 143 26
4 87 32
1 9 11
145 145 126
96 121 126
34 143 68
145 145 88
86 87 84
13 83 36
140 145 5
22 87 111
135 140 84
20 26 134
40 46 52
50 99 83
12 49 100
103 115 128
63 113 47
132 145 36
60 64 27
58 69 24
65 67 27
107 118 125
20 71 68
58 78 6
124 135 129
65 131 1
10 75 69
20 22 104
45 81 129
17 43 21
100 143 4
82 128 73
117 124 71
92 145 131
2 15 3
1 42 10
96 145 37
103 126 110
125 140 39
1 2 93
42 82 99
51 120 75
2 3 54
119 125 34
142 142 83
136 142 97
111 121 86
55 56 14
23 24 119
38 68 29
100 106 24
16 18 94
102 121 15
129 145 121
57 58 4
88 112 27
89 126 105
55 65 63
55 84 123
115 145 10
125 145 29
23 60 84
4 13 19
25 79 41
52 95 81
8 46 117
140 145 8
45 47 59
2 68 45
129 145 117
40 46 52
33 69 49
13 75 98
99 117 18
32 77 70
75 75 122
3 26 26
27 46 22
63 94 37
83 89 35
14 42 1
98 145 9
2 13 54
128 141 48
117 136 82
58 61 90
57 57 73
145 145 88
40 49 134
14 84 115
66 74 105
103 126 110
115 117 50
39 43 116
105 119 89
105 106 13
52 84 108
20 33 44
115 145 30
2 32 67
96 101 125
83 116 39
123 133 116
34 96 23
96 121 126
74 124 44
111 145 23
98 138 90
73 73 105
103 104 46
98 145 9
18 21 123
12 33 51
9 63 25
42 145 74
9 23 71
119 145 120
40 84 87
122 126 12
7 40 113
9 18 63
17 18 22
96 145 70
69 97 19
96 128 41
70 78 5
5 59 56
109 145 60
19 88 86
17 34 50
101 145 64
93 95 87
99 145 115
119 131 52
64 67 25
79 82 61
74 111 121
16 74 88
118 145 134
1 7 94
57 103 59
57 129 112
145 145 123
86 136 132
59 61 44
138 140 15
12 77 131
123 145 32
86 100 108
98 145 35
64 105 96
90 95 87
34 37 44
118 139 59
83 93 15
103 130 127
60 82 126
9 17 42
137 140 21
60 81 134
92 113 78
145 145 6
8 53 46
76 121 14
63 82 36
73 83 69
145 145 45
79 96 17
37 46 28
119 131 52
79 115 71
112 121 12
94 122 116
12 76 39
79 82 46
35 71 67
101 145 98
100 138 66
6 119 77
31 37 62
70 82 62
24 40 125
99 112 72
7 22 114
39 41 108
23 41 105
59 67 91
26 59 101
101 144 4
134 145 41
140 145 59
104 118 38
62 96 79
72 83 43
74 75 122
134 145 15
59 67 91
85 142 5
137 145 95
59 109 50
75 86 136
13 36 59
95 126 45
83 105 101
24 40 92
48 83 136
82 93 22
124 132 72
28 127 55
136 145 119
56 110 92
68 97 128
144 145 1
99 100 14
82 93 22
145 145 45
59 61 15
112 143 26
115 145 10
3 43 89
116 140 30
6 62 37
34 76 13
31 34 125
112 137 13
5 79 35
91 92 107
129 145 121
25 85 32
46 47 116
123 123 84
25 100 48
13 87 109
13 78 61
142 145 114
42 101 128
138 143 67
56 75 120
54 74 7
22 23 23
128 129 128
30 99 65
9 18 94
4 13 19
8 53 46
125 127 41
132 145 36
5 16 78
45 79 4
113 145 106
50 99 83
90 99 96
35 83 131
113 136 95
19 113 85
145 145 126
54 71 125
63 107 3
67 72 99
145 145 68
117 125 130
141 143 90
98 138 90
133 145 19
39 41 108
100 133 133
28 38 82
91 100 111
20 72 106
23 36 134
6 11 132
88 104 82
101 104 24
113 143 62
9 9 132
6 13 42
139 145 50
55 64 14
133 145 138
31 54 126
7 113 57
100 120 36
105 145 43
40 54 123
20 72 106
6 119 77
127 145 105
112 137 13
93 145 40
105 140 6
91 94 117
82 85 129
76 94 106
112 129 23
50 52 100
14 18 80
102 145 21
