3
2 4
10 5
3 12
7 7 7
3 8
4 2 1
100
2 4
10 5
3 12
7 7 7
3 12
4 2 1
5 1000000000
25 25 25 25 25
2 2
1 1
5 5
1 1 1 1 1
5 448257424
1 2 3 4 5
5 915742169
18 7 21 11 25
5 248523930
1 1 1 1 1
5 563874522
25 25 25 25 25
5 259976034
18 18 18 18 18
5 704374620
21 21 21 21 21
5 256113344
24 24 24 24 24
5 467068395
18 18 18 18 18
5 686214237
14 14 14 14 14
5 14004647
2 2 2 2 2
5 177788825
3 3 3 3 3
5 595054832
20 20 20 20 20
5 904930826
25 25 25 25 25
5 106322097
24 24 24 24 24
5 659838342
10 10 10 10 10
5 245719870
7 7 7 7 7
5 643312829
19 19 19 19 19
5 696904710
2 2 2 2 2
5 276252384
24 24 24 24 24
5 643117651
15 15 15 15 15
5 203025574
3 3 3 3 3
5 26310091
23 23 23 23 23
5 112252989
4 4 4 4 4
5 274941642
13 13 13 13 13
5 809256544
18 18 18 18 18
5 136283303
18 18 18 18 18
5 884668348
8 8 8 8 8
5 982411811
1 2 3 4 5
5 949462900
1 2 3 4 5
5 694104151
1 2 3 4 5
5 435845452
1 2 3 4 5
5 30262261
1 2 3 4 5
5 882782037
1 2 3 4 5
5 131413576
1 2 3 4 5
5 618042594
1 2 3 4 5
5 98304634
1 2 3 4 5
5 906070014
1 2 3 4 5
5 443661927
1 2 3 4 5
5 534515505
1 2 3 4 5
5 403308860
1 2 3 4 5
5 751456631
1 2 3 4 5
5 35305837
1 2 3 4 5
5 363487015
1 2 3 4 5
5 641318763
1 2 3 4 5
5 72625081
1 2 3 4 5
5 712709610
1 2 3 4 5
5 489310489
1 2 3 4 5
5 765265733
1 2 3 4 5
5 663308013
1 2 3 4 5
5 981363228
1 2 3 4 5
5 691279974
1 2 3 4 5
5 496649912
1 2 3 4 5
5 706816754
5 25 15 10 8
5 679337614
22 14 5 15 25
5 972070801
5 4 3 25 3
5 523314418
16 18 9 13 8
5 390319134
7 11 8 22 25
5 600229028
23 3 5 6 10
5 950874530
6 5 10 11 4
5 960365107
18 13 20 15 5
5 891159697
22 23 17 12 12
5 481796422
6 8 20 2 12
5 552990461
8 1 11 25 2
5 273156668
16 21 17 4 19
5 207704444
10 16 5 16 3
5 261164478
25 1 18 1 11
5 398822612
10 7 1 25 14
5 657307013
22 6 14 8 6
5 116603646
20 13 12 1 10
5 167198119
9 13 6 20 13
5 357387254
24 2 10 4 5
5 483360058
9 14 21 21 23
5 407222440
1 18 7 19 21
5 197871665
9 23 6 20 17
5 18479551
25 5 1 14 8
5 671183149
16 23 3 21 1
5 286806601
23 25 11 19 24
5 719433095
4 7 6 5 21
5 217122072
17 25 21 6 15
5 435698259
12 8 20 25 13
5 766780629
19 13 9 14 20
5 570053445
20 11 4 20 2
5 712716947
25 11 2 10 14
5 445989499
1 25 19 25 17
5 319996216
17 11 21 19 7
5 260177027
15 23 18 13 6
5 75340733
23 23 7 10 6
5 291667535
1 4 13 17 10
5 904244502
10 24 25 12 11
5 927570970
23 23 17 5 20
5 541756077
9 13 19 3 11
5 568529314
22 4 10 12 4
5 925302375
18 15 11 17 24
5 842266001
18 5 11 13 14
