50 50
28 1 10 999999919
24 1 10 999999971
55 1 10 999999992
98 1 10 999999992
4 1 10 999999967
76 1 10 999999923
56 1 10 999999925
77 1 10 999999935
18 1 10 999999933
5 1 10 999999934
71 1 10 999999955
37 1 10 999999943
97 1 10 999999979
93 1 10 999999962
95 1 10 999999963
60 1 10 999999905
9 1 10 999999932
84 1 10 999999948
47 1 10 999999992
10 1 10 999999942
43 1 10 999999951
90 1 10 999999977
66 1 10 999999953
15 1 10 999999916
32 1 10 999999924
12 1 10 999999983
57 1 10 999999914
67 1 10 999999921
46 1 10 999999941
69 1 10 999999973
94 1 10 999999952
17 1 10 999999944
22 1 10 999999998
39 1 10 999999980
3 1 10 999999941
44 1 10 999999961
62 1 10 999999947
99 1 10 999999941
45 1 10 999999966
36 1 10 999999933
78 1 10 999999994
26 1 10 999999902
87 1 10 999999908
33 1 10 999999928
21 1 10 999999900
30 1 10 999999961
31 1 10 999999971
41 1 10 999999975
23 1 10 999999994
83 1 10 999999919