100
8 3 1
8 4 2
4 1 8
6 4 2
10 1 9
6 1 6
10 1 8
6 6 4
10 1 3
4 2 5
4 1 3
8 2 10
10 3 8
6 2 1
4 2 1
4 1 5
10 10 10
8 8 6
6 6 10
8 4 6
6 1 1
4 4 1
6 1 3
10 2 8
4 3 1
6 3 9
6 1 10
6 6 2
4 3 2
4 1 10
6 6 9
4 4 7
10 9 8
8 6 4
6 3 4
8 7 1
8 6 8
8 8 9
10 1 7
10 1 1
4 2 9
6 4 8
10 5 10
4 2 3
10 7 5
8 6 10
6 6 5
6 1 2
6 6 7
10 7 7
6 1 4
8 5 3
6 3 10
10 7 3
10 10 9
8 8 10
8 2 8
10 6 4
6 2 5
4 2 10
6 4 7
8 8 1
6 1 7
10 10 1
4 1 4
4 4 4
4 1 1
10 9 2
6 4 5
10 1 10
10 9 7
6 1 5
4 1 2
4 3 3
4 2 4
8 1 8
4 4 3
10 10 7
10 3 3
6 5 4
4 4 2
4 4 10
8 8 7
8 1 1
6 2 10
4 3 4
4 2 2
10 10 4
8 1 9
10 10 8
8 8 8
4 3 7
4 3 10
6 6 3
4 4 5
10 3 1
6 6 1
6 6 6
4 3 5
8 1 7
