100
8 3 1
8 4 2
4 1 8
4 4 4
100000000 2 1
86825718 60046765 82365166
4 2 3
4 4 100000000
99999998 2 99999997
31698486 27385862 80741485
99999998 1 99999999
89768184 54426779 39125246
77001086 33082584 9493436
99999998 1 99999998
63548590 10272755 71253782
50390256 19482402 60776341
99781488 43634049 30634182
100000000 41400746 98629492
543178 298051 30947217
67916684 63786786 79394201
100000000 92592561 44556238
394308 363684 52119821
4 4 3
99999998 2 99999999
99999998 99999998 99999997
67103226 35631305 59031601
100000000 11351664 60095936
16871666 9311466 21143334
4 1 5
4 4 5
99999998 1 100000000
4 1 1
100000000 2 99999999
100000000 99999999 1
14534680 164010 65310550
44698120 28767345 29936437
50353560 40379022 74823278
100000000 91630756 87324897
100000000 30346360 82355473
49370808 16207983 85779638
100000000 4826999 12830934
100000000 3825490 31496852
100000000 99999999 100000000
100000000 2 100000000
100000000 100000000 1
36665982 5429597 11883839
99999998 1 99999997
901708 560911 50609996
100000000 18742410 39116126
89169848 13724521 98635899
4 4 1
34045162 449503 40502252
99999998 99999998 99999999
100000000 50977020 22166454
99999998 2 99999998
100000000 100000000 100000000
12405772 11498298 46299173
78522944 63177024 66126752
52478068 14149270 26711081
4 2 4
99999998 99999998 99999998
58605442 36917108 41816030
99999998 1 1
81105368 9086528 57228377
100000000 51130118 15604462
93171490 45529288 94343167
99999998 2 100000000
100000000 37967358 87057273
4 2 1
100000000 29536216 17965248
4 1 4
100000000 1 99999999
100000000 58033871 66112030
65164378 754790 56447208
99999998 99999998 1
56113464 54868770 34169098
99999998 2 1
545264 512938 55513003
100000000 54763216 89971804
684392 71567 91729075
100000000 100000000 99999999
5185340 4411970 28852724
100000000 1 1
100000000 1 100000000
77776604 30607622 78799460
4 1 100000000
99999998 99999998 100000000
100000000 79250292 27260777
85673152 13100940 11450211
52662680 51824828 58803271
20053366 5518127 37640763
99219256 76122635 63114550
4 2 5
4 2 100000000
66687140 56963520 1973175
6463344 3282248 45153553
4201684 3646216 14806593
100000000 99999999 99999999
59091556 35011247 54322643
4 1 3
