0| 1 0 0 0 0 0 0 0 0 0 0 0 0 0 0 0 0 0 0 0 
1|  1 0 0 0 0 0 0 0 0 0 0 0 0 0 0 0 0 0 0 0 
2|  1 0 1  0 0 0 0 0 0 0 0 0 0 0 0 0 0 0 0 0 
3|  1 0 2  1  0 0 0 0 0 0 0 0 0 0 0 0 0 0 0 0 
4|  1 0 3  2  1   0 0 0 0 0 0 0 0 0 0 0 0 0 0 0 
5|  1 0 4  3  3   1   0 0 0 0 0 0 0 0 0 0 0 0 0 0 
6|  1 0 5  4  6   4   1   0 0 0 0 0 0 0 0 0 0 0 0 0 
7|  1 0 6  5  10  9   5   1    0 0 0 0 0 0 0 0 0 0 0 0 
8|  1 0 7  6  15  16  13  6    1    0 0 0 0 0 0 0 0 0 0 0 
9|  1 0 8  7  21  25  26  18   7    1 0 0 0 0 0 0 0 0 0 0 
10| 1 0 9  8  28  36  45  40   24   8    1    0 0 0 0 0 0 0 0 0 
11| 1 0 10 9  36  49  71  75   59   31   9    1 0 0 0 0 0 0 0 0 
12| 1 0 11 10 45  64  105 126  120  84   39   10   1    0 0 0 0 0 0 0 
13| 1 0 12 11 55  81  148 196  216  185  116  48   11   1    0 0 0 0 0 0 
14| 1 0 13 12 66  100 201 288  357  356  276  156  58   12   1    0 0 0 0 0 
15| 1 0 14 13 78  121 265 405  554  623  567  400  205  69   13   1    0 0 0 0 
16| 1 0 15 14 91  144 341 550  819  1016 1050 876  565  264  81   14   1   0 0 0 
17| 1 0 16 15 105 169 430 726  1165 1569 1800 1715 1317 780  334  94   15  1   0 0 
18| 1 0 17 16 120 196 533 936  1606 2320 2907 3088 2723 1932 1055 416  108 16  1 0 
19| 1 0 18 17 136 225 651 1183 2157 3311 4477 5211 5146 4214 2772 1401 511 123 17 1 
0   0 1 2  3  4   5   6   7    8    9    10   11   12
0
