100
1 1 4
1 2 2
3 3 13
44 40 15
5 3 2
42 46 15
5 4 3
46 50 15
44 43 15
42 43 15
45 43 15
47 43 2
46 42 15
40 40 15
47 45 15
40 4 12
44 49 1
45 46 15
2 2 15
50 50 15
45 50 15
46 46 15
44 47 12
42 43 1
1 1 1
49 47 15
48 49 15
50 43 15
43 50 15
41 40 15
47 50 15
46 43 15
49 49 15
48 50 15
47 40 15
43 49 15
49 48 15
3 48 2
47 43 1
50 50 1
43 40 1
46 40 15
47 41 15
3 41 13
3 50 13
2 1 1
44 40 12
45 41 15
41 46 15
44 5 12
43 48 15
48 4 14
4 5 14
5 45 2
42 44 15
47 46 15
48 40 15
45 49 15
2 1 15
3 43 3
46 3 3
40 46 15
4 4 2
45 45 15
48 44 15
49 45 15
2 2 1
40 45 15
1 1 15
40 44 15
42 40 15
48 43 15
42 45 15
49 42 15
45 40 15
45 44 15
40 40 1
1 2 15
43 41 15
41 44 15
49 42 3
45 46 12
48 45 15
4 46 12
50 50 14
1 2 1
44 50 15
43 43 15
40 41 15
5 4 12
48 41 15
50 50 2
42 50 15
50 46 15
41 45 15
45 5 3
43 42 3
50 49 15
40 42 15
49 4 3
