100
1 1 4
1 2 2
1 1 500
47 41 500
48 45 500
43 42 500
42 48 3
42 48 500
45 48 500
50 46 500
47 49 500
44 44 500
43 48 500
5 4 498
50 43 500
1 2 500
4 42 498
44 48 500
48 43 500
49 43 500
42 45 500
4 44 3
47 47 499
40 50 500
45 40 500
47 44 500
45 3 497
41 44 500
40 49 500
47 45 500
48 42 1
49 41 500
5 4 3
4 3 2
2 2 500
1 1 1
42 41 500
46 41 500
40 40 500
44 43 500
43 47 499
43 46 500
43 44 500
50 44 500
46 43 500
41 4 498
3 5 498
2 2 1
42 40 1
50 49 500
2 1 1
40 42 1
4 40 2
44 42 500
49 46 500
45 42 500
40 3 498
3 3 2
44 47 500
50 50 1
41 48 498
40 47 500
40 43 3
49 48 500
43 50 500
47 48 500
48 44 500
48 47 500
2 1 500
44 49 500
45 43 500
47 43 500
40 44 500
50 50 500
44 46 500
50 50 499
46 45 500
4 4 498
49 50 500
1 2 1
49 42 2
4 48 497
42 44 500
3 43 2
40 45 500
45 44 500
46 47 500
41 41 500
40 42 500
50 45 500
50 50 2
5 44 498
46 4 3
48 49 500
40 46 1
48 48 500
43 3 3
47 42 500
50 3 2
42 43 1
